[(      5831,68)]
[(      2582,86)]
[(      9152,1)]
[(      6227,56)]
[(      8261,89)]
[(      9765,15)]
[(      3554,27)]
[(      8342,3)]
[(      5912,66)]
[(      7037,10)]
[(      9233,3)]
[(      7451,77)]
[(      2825,7)]
[(      7983,5)]
[(      6641,71)]
[(      2906,32)]
[(      8423,2)]
[(      6678,12)]
[(      6065,1)]
[(      4283,9)]
[(      3059,76)]
[(      1853,5)]
[(      9684,5)]
[(      2131,127)]
[(      1358,16)]
[(      1277,23)]
[(      1402,75)]
[(      1321,45)]
[(      1934,27)]
[(      4364,2)]
[(      3022,61)]
[(      7532,30)]
[(      3193,29)]
[(      3274,24)]
[(      6523,54)]
[(      5632,57)]
[(      6974,5)]
[(      3436,33)]
[(      8756,1)]
[(      6604,31)]
[(      6361,29)]
[(      9728,94)]
[(      4822,42)]
[(      5056,56)]
[(      8224,50)]
[(      2545,51)]
[(      3931,86)]
[(      2013,75)]
[(      1041,16)]
[(      4903,9)]
[(      7333,45)]
[(      8305,6)]
[(      1078,687)]
[(      1816,46)]
[(      5551,37)]
[(      6442,8)]
[(      4859,1)]
[(      1735,7)]
[(      7784,5)]
[(      1654,5)]
[(      6028,1)]
[(      4327,1)]
[(      9566,1)]
[(      4697,12)]
[(      8918,28)]
[(      4741,49)]
[(      9034,13)]
[(      3355,40)]
[(      7946,17)]
[(      6109,2)]
[(      7414,27)]
[(      9431,36)]
[(      2861,35)]
[(      5291,11)]
[(      3833,93)]
[(      9512,1)]
[(      8621,17)]
[(      3176,16)]
[(      1024,41)]
[(      5534,5)]
[(      4562,2)]
[(      7316,40)]
[(      4111,1)]
[(      5985,5)]
[(      4481,23)]
[(      5615,71)]
[(      8702,21)]
[(      1394,32)]
[(      1105,60)]
[(      5453,12)]
[(      6957,4)]
[(      7811,77)]
[(      2285,44)]
[(      4724,17)]
[(      3752,104)]
[(      1475,1)]
[(      7686,2)]
[(      7848,13)]
[(      1718,12)]
[(      3257,8)]
[(      9468,25)]
[(      6082,3)]
[(      8521,16)]
[(      8602,34)]
[(      3571,66)]
[(      9944,4)]
[(      1951,46)]
[(      7711,30)]
[(      4462,80)]
[(      4705,2)]
[(      7054,7)]
[(      6901,43)]
[(      5272,6)]
[(      2266,42)]
[(      4543,27)]
[(      8026,14)]
[(      3652,5)]
[(      6163,33)]
[(      2761,45)]
[(      9287,6)]
[(      6325,37)]
[(      9331,18)]
[(      3076,55)]
[(      5966,43)]
[(      5434,2)]
[(      1456,15)]
[(      8477,3)]
[(      3238,10)]
[(      3814,31)]
[(      4624,20)]
[(      3201,86)]
[(      3319,36)]
[(      8107,5)]
[(      4011,9)]
[(      7216,2)]
[(      7135,7)]
[(      9863,6)]
[(      7667,6)]
[(      2923,21)]
[(      7586,18)]
[(      4381,87)]
[(      8396,1)]
[(      9449,15)]
[(      8891,43)]
[(      9412,13)]
[(      3737,42)]
[(      3043,40)]
[(      3205,32)]
[(      7102,26)]
[(      1793,4)]
[(      7553,105)]
[(      9416,3)]
[(      2071,66)]
[(      4709,7)]
[(      2152,73)]
[(      1261,63)]
[(      5401,64)]
[(      6086,13)]
[(      9911,3)]
[(      6905,22)]
[(      7391,83)]
[(      9254,20)]
[(      1504,43)]
[(      6824,82)]
[(      8895,5)]
[(      8525,5)]
[(      5438,4)]
[(      2314,38)]
[(      8606,39)]
[(      8444,3)]
[(      9335,2)]
[(      6581,57)]
[(      6211,741)]
[(      3124,41)]
[(      7634,1)]
[(      6662,70)]
[(      9948,1)]
[(      7715,4)]
[(      7021,51)]
[(      3818,125)]
[(      6167,11)]
[(      7472,3)]
[(      1423,28)]
[(      2684,5)]
[(      4385,27)]
[(      5469,38)]
[(      8394,3)]
[(      9861,21)]
[(      8024,57)]
[(      2921,13)]
[(      9447,1)]
[(      3155,38)]
[(      7908,69)]
[(      4208,4)]
[(      5964,6)]
[(      8105,7)]
[(      8637,1)]
[(      9942,1)]
[(      7665,10)]
[(      3849,22)]
[(      1454,6)]
[(      4622,15)]
[(      3317,91)]
[(      9285,41)]
[(      3074,52)]
[(      5351,69)]
[(      3731,48)]
[(      2264,47)]
[(      5513,9)]
[(      1616,29)]
[(      7214,14)]
[(      8475,1)]
[(      3768,108)]
[(      9979,24)]
[(      4703,71)]
[(      6161,26)]
[(      7827,66)]
[(      5018,59)]
[(      3812,242)]
[(      9528,8)]
[(      5388,25)]
[(      5432,30)]
[(      9609,1)]
[(      4541,14)]
[(      8556,4)]
[(      9805,3)]
[(      7447,28)]
[(      8095,21)]
[(      7609,79)]
[(      8914,19)]
[(      8752,13)]
[(      9111,2)]
[(      1812,64)]
[(      2992,90)]
[(      1687,23)]
[(      9724,93)]
[(      1317,22)]
[(      3432,28)]
[(      4161,11)]
[(      7861,7)]
[(      3351,49)]
[(      4323,6)]
[(      7942,56)]
[(      6105,5)]
[(      8301,11)]
[(      2497,70)]
[(      1731,10)]
[(      5133,24)]
[(      4693,5)]
[(      2622,30)]
[(      4855,6)]
[(      2541,16)]
[(      3513,74)]
[(      1074,232)]
[(      6024,8)]
[(      6718,58)]
[(      8338,5)]
[(      5089,2)]
[(      5827,3)]
[(      9481,18)]
[(      5052,14)]
[(      5665,16)]
[(      8103,26)]
[(      3847,22)]
[(      5467,38)]
[(      1489,2)]
[(      1452,13)]
[(      7582,18)]
[(      2181,51)]
[(      5962,3)]
[(      9283,6)]
[(      7825,12)]
[(      9607,1)]
[(      6691,23)]
[(      5629,57)]
[(      7663,3)]
[(      4576,10)]
[(      4701,88)]
[(      5386,16)]
[(      6439,5)]
[(      7906,22)]
[(      6277,2)]
[(      6321,7)]
[(      9526,1)]
[(      2262,32)]
[(      3315,85)]
[(      3766,41)]
[(      2343,54)]
[(      8022,27)]
[(      4819,13)]
[(      9977,9)]
[(      1119,102)]
[(      1614,12)]
[(      3072,420)]
[(      7131,61)]
[(      8392,4)]
[(      4206,13)]
[(      3234,1)]
[(      5511,8)]
[(      9364,4)]
[(      9657,1)]
[(      3527,90)]
[(      2023,90)]
[(      6533,49)]
[(      1132,32)]
[(      5066,19)]
[(      8072,55)]
[(      8766,1)]
[(      9125,1)]
[(      3608,14)]
[(      4337,41)]
[(      2104,18)]
[(      6984,5)]
[(      2555,51)]
[(      9738,9)]
[(      5804,18)]
[(      3941,93)]
[(      3284,16)]
[(      5642,30)]
[(      4175,14)]
[(      1826,28)]
[(      6371,23)]
[(      7875,13)]
[(      1051,190)]
[(      7794,5)]
[(      8315,24)]
[(      9206,6)]
[(      7424,44)]
[(      1213,123)]
[(      8153,1)]
[(      3446,61)]
[(      5561,10)]
[(      9044,1)]
[(      2717,68)]
[(      3897,10)]
[(      2636,46)]
[(      6001,86)]
[(      4751,24)]
[(      9162,8)]
[(      6732,6)]
[(      2222,1)]
[(      7542,50)]
[(      5922,26)]
[(      9937,3)]
[(      4536,20)]
[(      7461,88)]
[(      5346,36)]
[(      3645,70)]
[(      4617,77)]
[(      9405,217)]
[(      3032,158)]
[(      8433,14)]
[(      1412,38)]
[(      2141,86)]
[(      5841,7)]
[(      6651,73)]
[(      5427,33)]
[(      3069,86)]
[(      3564,44)]
[(      3113,7)]
[(      8019,25)]
[(      5508,51)]
[(      6813,42)]
[(      4004,6)]
[(      7047,8)]
[(      6075,13)]
[(      8884,3)]
[(      1331,5)]
[(      9081,1)]
[(      8271,50)]
[(      4455,15)]
[(      4374,49)]
[(      7623,27)]
[(      2592,41)]
[(      2673,13)]
[(      1944,25)]
[(      1782,51)]
[(      9243,15)]
[(      8527,1)]
[(      6132,38)]
[(      1795,65)]
[(      9418,13)]
[(      3991,141)]
[(      5241,45)]
[(      5692,31)]
[(      6088,119)]
[(      3045,131)]
[(      6213,21)]
[(      1182,85)]
[(      5403,40)]
[(      3702,18)]
[(      8941,9)]
[(      8446,48)]
[(      8608,29)]
[(      2316,58)]
[(      9751,50)]
[(      2235,29)]
[(      4882,11)]
[(      3207,64)]
[(      6826,58)]
[(      1506,269)]
[(      5935,13)]
[(      7636,4)]
[(      3621,128)]
[(      9337,3)]
[(      3739,9)]
[(      7104,4)]
[(      6051,24)]
[(      4387,4)]
[(      2154,2)]
[(      2811,60)]
[(      5854,15)]
[(      4017,2)]
[(      8897,8)]
[(      7555,52)]
[(      4431,11)]
[(      9256,6)]
[(      9832,2)]
[(      1976,73)]
[(      7574,18)]
[(      1525,3)]
[(      5503,41)]
[(      2911,42)]
[(      7123,9)]
[(      9356,30)]
[(      6151,11)]
[(      4531,30)]
[(      4568,12)]
[(      8627,2)]
[(      9932,26)]
[(      4117,1)]
[(      5954,13)]
[(      8014,94)]
[(      8384,6)]
[(      9969,1)]
[(      6845,27)]
[(      7204,59)]
[(      1363,61)]
[(      6269,21)]
[(      1444,19)]
[(      4612,7)]
[(      3064,8)]
[(      3721,61)]
[(      2254,6)]
[(      7736,11)]
[(      9851,35)]
[(      1606,12)]
[(      8465,10)]
[(      3145,27)]
[(      5341,66)]
[(      5422,22)]
[(      6191,64)]
[(      5011,36)]
[(      8748,4)]
[(      5705,31)]
[(      4201,71)]
[(      6515,40)]
[(      7244,17)]
[(      4571,48)]
[(      1033,369)]
[(      2375,20)]
[(      4814,75)]
[(      7901,26)]
[(      2988,26)]
[(      7938,3)]
[(      7695,6)]
[(      3842,30)]
[(      7776,17)]
[(      4157,7)]
[(      5048,11)]
[(      2951,47)]
[(      1114,133)]
[(      3761,34)]
[(      7325,105)]
[(      4652,2)]
[(      5624,27)]
[(      9521,22)]
[(      9602,42)]
[(      1484,2)]
[(      8711,48)]
[(      9891,4)]
[(      5462,35)]
[(      3853,61)]
[(      4825,8)]
[(      5059,4)]
[(      9613,3)]
[(      4906,18)]
[(      7417,24)]
[(      3402,53)]
[(      5554,51)]
[(      5103,40)]
[(      3439,73)]
[(      1738,2)]
[(      1044,10)]
[(      9488,1)]
[(      2629,32)]
[(      5392,2)]
[(      8722,1)]
[(      3196,10)]
[(      8759,3)]
[(      5473,30)]
[(      1701,41)]
[(      2548,112)]
[(      5022,81)]
[(      4212,6)]
[(      1657,7)]
[(      8146,2)]
[(      3772,74)]
[(      8641,1)]
[(      4744,11)]
[(      7336,12)]
[(      7255,41)]
[(      2511,475)]
[(      7831,10)]
[(      8308,19)]
[(      6445,19)]
[(      7912,3)]
[(      7949,2)]
[(      9451,27)]
[(      4131,42)]
[(      7787,2)]
[(      9983,8)]
[(      9423,6)]
[(      5445,5)]
[(      6093,32)]
[(      8451,4)]
[(      5283,79)]
[(      9342,6)]
[(      7227,5)]
[(      9793,1)]
[(      7678,24)]
[(      5977,2)]
[(      7722,50)]
[(      3744,20)]
[(      9298,15)]
[(      3087,9)]
[(      6417,36)]
[(      9261,8)]
[(      2321,83)]
[(      1962,28)]
[(      6831,28)]
[(      9955,3)]
[(      2691,91)]
[(      3582,256)]
[(      3906,40)]
[(      6255,11)]
[(      4554,11)]
[(      5364,6)]
[(      2402,58)]
[(      4635,16)]
[(      8532,15)]
[(      1016,2149)]
[(      3212,3)]
[(      9009,1)]
[(      6174,3)]
[(      7597,7)]
[(      1511,212)]
[(      6336,14)]
[(      3131,118)]
[(      4103,20)]
[(      7641,49)]
[(      3825,108)]
[(      3249,6)]
[(      7065,3)]
[(      7771,34)]
[(      6709,18)]
[(      1641,6)]
[(      8581,4)]
[(      5575,12)]
[(      3261,49)]
[(      9102,5)]
[(      6466,70)]
[(      9715,39)]
[(      1759,22)]
[(      3342,49)]
[(      5656,51)]
[(      8167,5)]
[(      4233,14)]
[(      4765,21)]
[(      7933,11)]
[(      7852,4)]
[(      4152,2)]
[(      2613,65)]
[(      9021,3)]
[(      6628,3)]
[(      9472,20)]
[(      2037,25)]
[(      4927,2)]
[(      6961,51)]
[(      8211,3)]
[(      1065,57)]
[(      5124,10)]
[(      5737,27)]
[(      2532,13)]
[(      2451,19)]
[(      1722,23)]
[(      6998,1)]
[(      5043,46)]
[(      2983,46)]
[(      1678,2)]
[(      6015,2)]
[(      9286,45)]
[(      9367,5)]
[(      8106,1)]
[(      1536,3)]
[(      4461,127)]
[(      9448,2)]
[(      6199,14)]
[(      7828,26)]
[(      2265,40)]
[(      9862,4)]
[(      3651,1)]
[(      5271,71)]
[(      2922,22)]
[(      8395,6)]
[(      2841,43)]
[(      9781,54)]
[(      8601,63)]
[(      9411,64)]
[(      3237,11)]
[(      3813,83)]
[(      6162,29)]
[(      7134,15)]
[(      4209,4)]
[(      8476,5)]
[(      5433,3)]
[(      4128,22)]
[(      3075,52)]
[(      8025,44)]
[(      4542,31)]
[(      3732,31)]
[(      1617,7)]
[(      6081,6)]
[(      4623,19)]
[(      2959,6)]
[(      7909,11)]
[(      7666,3)]
[(      3769,125)]
[(      7215,6)]
[(      9943,2)]
[(      6243,15)]
[(      7585,2)]
[(      4704,10)]
[(      3318,1418)]
[(      2284,30)]
[(      3832,47)]
[(      4147,24)]
[(      9511,3)]
[(      1393,11)]
[(      7234,2)]
[(      9467,3)]
[(      4561,85)]
[(      2941,38)]
[(      7315,33)]
[(      3256,4)]
[(      6262,5)]
[(      1104,70)]
[(      5371,45)]
[(      5038,348)]
[(      3751,79)]
[(      1474,10)]
[(      5984,3)]
[(      9881,2)]
[(      1023,38)]
[(      6181,25)]
[(      8701,53)]
[(      7766,6)]
[(      8495,7)]
[(      1636,8)]
[(      9629,1)]
[(      5614,38)]
[(      6343,13)]
[(      8044,6)]
[(      7685,6)]
[(      6956,3)]
[(      5663,30)]
[(      5249,2)]
[(      3511,985)]
[(      9641,44)]
[(      4321,5)]
[(      1072,1351)]
[(      7607,97)]
[(      1847,1)]
[(      8912,15)]
[(      5825,33)]
[(      4691,30)]
[(      3016,196)]
[(      8255,41)]
[(      2495,16)]
[(      8831,9)]
[(      4196,10)]
[(      5582,29)]
[(      1766,8)]
[(      5087,12)]
[(      8336,1)]
[(      7364,8)]
[(      3881,64)]
[(      3962,51)]
[(      5131,23)]
[(      1315,173)]
[(      3999,4)]
[(      9722,59)]
[(      5212,86)]
[(      6716,80)]
[(      3467,2)]
[(      9678,9)]
[(      9105,2)]
[(      9024,8)]
[(      8584,3)]
[(      9475,3)]
[(      4812,48)]
[(      5703,18)]
[(      1482,2)]
[(      4317,1)]
[(      7693,5)]
[(      7161,36)]
[(      7936,3)]
[(      5622,37)]
[(      4731,40)]
[(      8052,15)]
[(      4849,12)]
[(      9718,182)]
[(      2292,20)]
[(      5046,53)]
[(      2616,39)]
[(      1031,295)]
[(      3958,41)]
[(      1068,142)]
[(      7323,49)]
[(      5541,35)]
[(      6883,28)]
[(      6964,3)]
[(      6351,24)]
[(      7242,21)]
[(      3264,11)]
[(      2986,43)]
[(      6432,33)]
[(      7855,3)]
[(      1112,108)]
[(      3921,14)]
[(      1942,24)]
[(      3111,66)]
[(      7702,3)]
[(      4615,21)]
[(      7739,2)]
[(      8468,1)]
[(      7207,67)]
[(      3643,9)]
[(      7496,13)]
[(      1447,53)]
[(      3481,69)]
[(      9403,108)]
[(      7045,3)]
[(      7577,63)]
[(      3067,150)]
[(      6235,11)]
[(      8512,2)]
[(      2752,6)]
[(      5506,10)]
[(      4453,6)]
[(      8017,144)]
[(      8882,2)]
[(      3562,51)]
[(      8431,60)]
[(      6811,290)]
[(      7126,6)]
[(      9241,9)]
[(      7991,47)]
[(      2914,39)]
[(      2671,96)]
[(      5425,13)]
[(      4002,12)]
[(      7621,35)]
[(      6686,14)]
[(      1861,49)]
[(      5263,35)]
[(      5344,46)]
[(      6598,46)]
[(      4365,1)]
[(      2051,111)]
[(      9685,3)]
[(      1241,26)]
[(      6642,23)]
[(      7001,94)]
[(      4941,66)]
[(      7371,17)]
[(      3474,8)]
[(      8262,29)]
[(      3555,48)]
[(      9315,4)]
[(      7038,8)]
[(      1935,22)]
[(      1359,17)]
[(      6228,28)]
[(      5175,42)]
[(      8343,3)]
[(      5913,111)]
[(      1322,26)]
[(      8181,84)]
[(      7614,1)]
[(      2583,113)]
[(      4527,10)]
[(      7984,1)]
[(      3023,55)]
[(      5751,77)]
[(      9766,18)]
[(      9072,3)]
[(      5094,5)]
[(      1773,1)]
[(      2132,662)]
[(      2907,57)]
[(      4284,8)]
[(      5256,40)]
[(      7533,20)]
[(      7119,5)]
[(      6561,47)]
[(      8424,2)]
[(      9153,2)]
[(      8505,1)]
[(      1403,34)]
[(      5311,15)]
[(      1865,24)]
[(      6077,15)]
[(      2224,72)]
[(      7544,61)]
[(      1946,18)]
[(      4871,66)]
[(      4006,21)]
[(      6121,32)]
[(      1171,432)]
[(      7625,10)]
[(      9821,8)]
[(      3115,27)]
[(      5924,14)]
[(      1784,32)]
[(      4538,19)]
[(      9902,31)]
[(      5681,23)]
[(      9407,39)]
[(      9939,2)]
[(      1333,60)]
[(      6653,7)]
[(      2594,75)]
[(      8435,11)]
[(      4501,36)]
[(      9083,1)]
[(      5843,2)]
[(      3034,60)]
[(      2675,71)]
[(      5348,43)]
[(      3566,4)]
[(      6572,6)]
[(      7382,11)]
[(      6815,29)]
[(      9245,3)]
[(      1252,3)]
[(      9164,19)]
[(      7463,60)]
[(      7955,8)]
[(      1131,469)]
[(      9656,2)]
[(      8071,72)]
[(      7874,5)]
[(      5641,51)]
[(      2635,37)]
[(      1744,14)]
[(      8233,4)]
[(      5759,5)]
[(      8765,3)]
[(      3445,29)]
[(      9494,9)]
[(      3896,105)]
[(      9205,28)]
[(      5803,42)]
[(      5308,7)]
[(      4417,5)]
[(      4255,19)]
[(      6613,4)]
[(      6118,6)]
[(      2022,51)]
[(      3526,118)]
[(      1212,16)]
[(      2103,14)]
[(      6983,20)]
[(      9737,29)]
[(      3607,66)]
[(      7009,47)]
[(      8152,12)]
[(      2716,44)]
[(      5146,26)]
[(      1825,37)]
[(      6037,1)]
[(      4174,5)]
[(      7793,3)]
[(      4336,46)]
[(      7261,30)]
[(      3364,12)]
[(      6532,75)]
[(      7423,34)]
[(      6451,15)]
[(      2554,59)]
[(      1087,201)]
[(      1906,36)]
[(      8314,14)]
[(      7916,16)]
[(      5026,39)]
[(      2272,43)]
[(      9987,2)]
[(      9617,13)]
[(      3776,12)]
[(      9004,1)]
[(      1624,51)]
[(      5396,5)]
[(      8807,1)]
[(      8032,58)]
[(      4711,21)]
[(      7754,1)]
[(      2191,9)]
[(      1381,45)]
[(      9293,2)]
[(      3901,63)]
[(      2353,86)]
[(      5521,69)]
[(      1462,25)]
[(      1705,83)]
[(      9536,7)]
[(      8483,3)]
[(      8564,1)]
[(      2515,89)]
[(      5107,7)]
[(      7141,56)]
[(      4586,3)]
[(      6412,64)]
[(      3244,15)]
[(      6287,9)]
[(      4054,9)]
[(      3082,52)]
[(      1011,2118)]
[(      6861,25)]
[(      3198,73)]
[(      6285,18)]
[(      4133,37)]
[(      8481,1)]
[(      2964,20)]
[(      1127,3)]
[(      3774,11)]
[(      5105,5)]
[(      1703,73)]
[(      4584,1)]
[(      5394,5)]
[(      8724,1)]
[(      7671,64)]
[(      5556,11)]
[(      7419,34)]
[(      3161,58)]
[(      2513,253)]
[(      1992,8)]
[(      9291,31)]
[(      7914,5)]
[(      4827,29)]
[(      6447,10)]
[(      3404,59)]
[(      1046,19)]
[(      2351,42)]
[(      9615,10)]
[(      4908,15)]
[(      1541,58)]
[(      8148,8)]
[(      7095,2)]
[(      1622,36)]
[(      6942,67)]
[(      8111,18)]
[(      4214,15)]
[(      7833,30)]
[(      9649,15)]
[(      3438,119)]
[(      5102,21)]
[(      9531,51)]
[(      8064,34)]
[(      7416,34)]
[(      9036,18)]
[(      5553,9)]
[(      6444,27)]
[(      5021,70)]
[(      3852,64)]
[(      8307,26)]
[(      8721,3)]
[(      1043,486)]
[(      4581,12)]
[(      6525,164)]
[(      4905,4)]
[(      4824,65)]
[(      2547,28)]
[(      2015,39)]
[(      9982,13)]
[(      7335,36)]
[(      8802,26)]
[(      5715,17)]
[(      3195,24)]
[(      2628,195)]
[(      6363,11)]
[(      3401,82)]
[(      5472,9)]
[(      3771,94)]
[(      8226,53)]
[(      7948,48)]
[(      2961,96)]
[(      6606,4)]
[(      5391,17)]
[(      4363,5)]
[(      9269,13)]
[(      1276,57)]
[(      1771,26)]
[(      2662,26)]
[(      3634,7)]
[(      4444,3)]
[(      6596,11)]
[(      8503,5)]
[(      5254,3)]
[(      7036,3)]
[(      8378,7)]
[(      1357,13)]
[(      8422,1)]
[(      2581,14)]
[(      6721,70)]
[(      5911,227)]
[(      9151,24)]
[(      1438,4)]
[(      5335,2)]
[(      8341,20)]
[(      6307,1)]
[(      4525,19)]
[(      2743,33)]
[(      8459,2)]
[(      2905,17)]
[(      6226,46)]
[(      1401,28)]
[(      6677,3)]
[(      2211,106)]
[(      3021,83)]
[(      3553,60)]
[(      7531,38)]
[(      9313,1)]
[(      1852,37)]
[(      9845,4)]
[(      5044,20)]
[(      7321,89)]
[(      1309,5)]
[(      4153,31)]
[(      3299,22)]
[(      9635,11)]
[(      9473,2)]
[(      6511,309)]
[(      8212,25)]
[(      9716,21)]
[(      7853,3)]
[(      7439,5)]
[(      6629,7)]
[(      6881,54)]
[(      7691,11)]
[(      3181,65)]
[(      5125,7)]
[(      1066,400)]
[(      5738,13)]
[(      1679,6)]
[(      7934,4)]
[(      3794,5)]
[(      6467,18)]
[(      2371,57)]
[(      9103,13)]
[(      8582,2)]
[(      1561,32)]
[(      2614,70)]
[(      5701,91)]
[(      3956,44)]
[(      5657,242)]
[(      8744,1)]
[(      3343,30)]
[(      2984,20)]
[(      8131,57)]
[(      9022,7)]
[(      4315,5)]
[(      3262,38)]
[(      4847,26)]
[(      2533,29)]
[(      6999,26)]
[(      1723,17)]
[(      7772,125)]
[(      4333,19)]
[(      1327,20)]
[(      1822,35)]
[(      4414,4)]
[(      5756,7)]
[(      3523,96)]
[(      9202,52)]
[(      2713,46)]
[(      5143,31)]
[(      6566,22)]
[(      8924,41)]
[(      9734,25)]
[(      3893,33)]
[(      8311,5)]
[(      3442,22)]
[(      7871,4)]
[(      4171,13)]
[(      1778,3)]
[(      8843,3)]
[(      2632,39)]
[(      1165,90)]
[(      9491,8)]
[(      3604,26)]
[(      1741,69)]
[(      8267,5)]
[(      6034,4)]
[(      5224,29)]
[(      2551,32)]
[(      3361,53)]
[(      5062,40)]
[(      5305,10)]
[(      3028,24)]
[(      8762,1)]
[(      7006,65)]
[(      1721,31)]
[(      6014,9)]
[(      7932,8)]
[(      8409,1)]
[(      3792,1)]
[(      1064,176)]
[(      8166,17)]
[(      8823,2)]
[(      9471,38)]
[(      3341,36)]
[(      6546,57)]
[(      1145,18)]
[(      9219,1)]
[(      9101,54)]
[(      7437,44)]
[(      4845,9)]
[(      4926,18)]
[(      5042,73)]
[(      9138,1)]
[(      3297,25)]
[(      2531,37)]
[(      4151,4)]
[(      2036,32)]
[(      6627,10)]
[(      5655,20)]
[(      2982,29)]
[(      9714,37)]
[(      2612,35)]
[(      6708,118)]
[(      6465,6)]
[(      7275,4)]
[(      4269,2)]
[(      7851,3)]
[(      6997,3)]
[(      8085,16)]
[(      3122,33)]
[(      7588,5)]
[(      1502,53)]
[(      3816,53)]
[(      9414,17)]
[(      4013,3)]
[(      4383,16)]
[(      6741,54)]
[(      8398,2)]
[(      4707,59)]
[(      7551,90)]
[(      3203,13)]
[(      6822,48)]
[(      9289,5)]
[(      6165,31)]
[(      9171,2)]
[(      2312,357)]
[(      5931,31)]
[(      8893,4)]
[(      3041,34)]
[(      9784,5)]
[(      9333,1)]
[(      8523,3)]
[(      7218,10)]
[(      4464,10)]
[(      8361,1)]
[(      8028,16)]
[(      3573,49)]
[(      2925,22)]
[(      7137,10)]
[(      8604,38)]
[(      3735,9)]
[(      2231,91)]
[(      9946,1)]
[(      9865,19)]
[(      8442,50)]
[(      1421,43)]
[(      1791,88)]
[(      6903,38)]
[(      3078,57)]
[(      1328,44)]
[(      5144,50)]
[(      6611,10)]
[(      5306,13)]
[(      6981,33)]
[(      3524,84)]
[(      8844,1)]
[(      1742,26)]
[(      8312,15)]
[(      8231,26)]
[(      1779,27)]
[(      9078,3)]
[(      7421,30)]
[(      4415,1)]
[(      8925,29)]
[(      7007,41)]
[(      2471,12)]
[(      2552,66)]
[(      3029,55)]
[(      3362,60)]
[(      7872,8)]
[(      4334,22)]
[(      9735,18)]
[(      9203,85)]
[(      3443,34)]
[(      9573,2)]
[(      9041,13)]
[(      5595,35)]
[(      3281,48)]
[(      7791,3)]
[(      3605,39)]
[(      5063,6)]
[(      5757,19)]
[(      6116,4)]
[(      6035,16)]
[(      3894,13)]
[(      9654,2)]
[(      5801,70)]
[(      1823,43)]
[(      2101,38)]
[(      7785,1)]
[(      2627,20)]
[(      8225,40)]
[(      5471,1)]
[(      9035,15)]
[(      3356,32)]
[(      6281,20)]
[(      2465,4)]
[(      1817,22)]
[(      1042,10)]
[(      4823,65)]
[(      1736,1)]
[(      9648,18)]
[(      3194,26)]
[(      5057,1)]
[(      8144,3)]
[(      6605,39)]
[(      3888,7)]
[(      2546,29)]
[(      6975,2)]
[(      4661,46)]
[(      5101,12)]
[(      8919,14)]
[(      3851,61)]
[(      4328,47)]
[(      7091,33)]
[(      8801,50)]
[(      4698,14)]
[(      1079,200)]
[(      9611,48)]
[(      8757,1)]
[(      6443,16)]
[(      4247,1)]
[(      6524,121)]
[(      3437,81)]
[(      9981,33)]
[(      4904,62)]
[(      7334,20)]
[(      5552,37)]
[(      9486,1)]
[(      6029,10)]
[(      7415,60)]
[(      5633,6)]
[(      2014,49)]
[(      7346,13)]
[(      5645,20)]
[(      6536,10)]
[(      9623,2)]
[(      5113,1)]
[(      7841,14)]
[(      1216,48)]
[(      6987,15)]
[(      4303,4)]
[(      3412,6)]
[(      3449,8)]
[(      8651,28)]
[(      4141,37)]
[(      3331,65)]
[(      6374,53)]
[(      5807,10)]
[(      2396,21)]
[(      9047,7)]
[(      7797,8)]
[(      1054,1718)]
[(      8075,20)]
[(      6617,3)]
[(      2026,11)]
[(      4754,3)]
[(      1829,16)]
[(      1711,8)]
[(      5032,44)]
[(      6004,50)]
[(      1135,56)]
[(      9461,25)]
[(      2521,122)]
[(      4835,51)]
[(      3863,39)]
[(      8252,26)]
[(      3626,7)]
[(      7974,2)]
[(      9675,42)]
[(      5741,47)]
[(      4436,2)]
[(      9305,1)]
[(      7523,95)]
[(      5165,15)]
[(      4931,28)]
[(      1231,75)]
[(      6551,12)]
[(      3013,325)]
[(      2492,64)]
[(      5327,2)]
[(      2735,1)]
[(      1187,134)]
[(      7361,62)]
[(      9918,2)]
[(      6713,60)]
[(      8171,56)]
[(      7109,4)]
[(      9756,10)]
[(      3545,9)]
[(      5084,1)]
[(      6669,22)]
[(      2041,150)]
[(      3707,84)]
[(      5246,27)]
[(      8414,4)]
[(      2203,17)]
[(      3464,3)]
[(      9143,1)]
[(      2159,6)]
[(      5408,8)]
[(      1349,1)]
[(      2573,37)]
[(      1312,23)]
[(      6218,25)]
[(      6137,30)]
[(      1844,1)]
[(      7604,36)]
[(      8333,4)]
[(      7442,69)]
[(      9062,10)]
[(      9443,7)]
[(      9975,4)]
[(      4493,60)]
[(      3151,123)]
[(      4204,25)]
[(      3845,52)]
[(      9281,35)]
[(      5708,66)]
[(      7742,47)]
[(      9362,4)]
[(      2341,67)]
[(      3764,21)]
[(      6932,22)]
[(      5384,65)]
[(      7328,34)]
[(      9524,3)]
[(      1531,55)]
[(      9605,1)]
[(      5627,55)]
[(      6851,49)]
[(      7904,25)]
[(      3232,35)]
[(      4574,12)]
[(      1036,7)]
[(      4817,130)]
[(      4655,2)]
[(      8471,73)]
[(      7823,31)]
[(      2954,18)]
[(      1487,4)]
[(      8101,34)]
[(      5014,71)]
[(      1117,283)]
[(      5465,7)]
[(      7661,10)]
[(      8219,32)]
[(      3313,38)]
[(      8633,5)]
[(      9661,5)]
[(      2596,138)]
[(      2802,40)]
[(      8437,1)]
[(      5683,36)]
[(      9409,4)]
[(      1092,133)]
[(      1335,63)]
[(      4873,41)]
[(      3612,7)]
[(      1786,9)]
[(      8851,1)]
[(      7384,24)]
[(      6042,83)]
[(      1911,95)]
[(      8932,51)]
[(      7546,42)]
[(      9742,45)]
[(      6655,10)]
[(      2721,42)]
[(      8275,4)]
[(      3531,138)]
[(      5232,27)]
[(      9247,29)]
[(      5926,13)]
[(      2064,17)]
[(      5764,1)]
[(      5313,3)]
[(      5151,86)]
[(      4341,31)]
[(      1948,53)]
[(      9698,10)]
[(      5845,17)]
[(      3036,26)]
[(      8194,5)]
[(      4503,34)]
[(      9904,1)]
[(      9166,40)]
[(      6123,2)]
[(      6574,8)]
[(      3117,55)]
[(      8356,19)]
[(      6621,28)]
[(      5316,1)]
[(      7468,48)]
[(      3615,5)]
[(      9907,1)]
[(      6702,13)]
[(      7512,87)]
[(      7963,18)]
[(      2805,47)]
[(      1338,56)]
[(      6658,51)]
[(      8854,1)]
[(      9132,3)]
[(      5811,2)]
[(      3039,129)]
[(      9745,24)]
[(      4506,104)]
[(      6045,23)]
[(      4182,2)]
[(      2111,16)]
[(      3372,18)]
[(      2643,14)]
[(      8403,3)]
[(      9213,1)]
[(      3453,60)]
[(      7431,22)]
[(      5154,10)]
[(      9088,13)]
[(      2724,30)]
[(      8935,33)]
[(      8322,41)]
[(      4876,28)]
[(      3985,12)]
[(      1095,118)]
[(      8278,6)]
[(      1789,8)]
[(      1671,63)]
[(      3534,46)]
[(      3291,36)]
[(      2562,77)]
[(      8241,6)]
[(      8773,2)]
[(      9051,39)]
[(      1752,2)]
[(      2481,19)]
[(      6991,43)]
[(      5235,53)]
[(      4844,26)]
[(      6545,31)]
[(      3953,20)]
[(      5041,103)]
[(      2981,19)]
[(      9218,7)]
[(      2035,48)]
[(      6626,12)]
[(      2729,68)]
[(      5492,38)]
[(      9056,6)]
[(      6996,5)]
[(      7887,25)]
[(      9551,8)]
[(      8408,7)]
[(      1676,6)]
[(      5816,1)]
[(      8822,6)]
[(      1063,321)]
[(      2611,357)]
[(      8084,61)]
[(      9713,136)]
[(      6464,20)]
[(      5654,50)]
[(      6013,5)]
[(      7274,3)]
[(      1757,8)]
[(      3421,43)]
[(      9137,4)]
[(      7931,13)]
[(      8741,1)]
[(      6707,19)]
[(      4231,37)]
[(      2116,1)]
[(      4268,3)]
[(      5122,20)]
[(      3791,5)]
[(      5735,30)]
[(      3821,29)]
[(      9951,51)]
[(      5441,9)]
[(      7755,2)]
[(      2516,141)]
[(      2273,53)]
[(      4587,20)]
[(      1625,55)]
[(      8565,1)]
[(      4631,53)]
[(      5397,17)]
[(      9988,22)]
[(      1012,18930)]
[(      9294,3)]
[(      3083,79)]
[(      5973,6)]
[(      8033,16)]
[(      9537,1)]
[(      6369,22)]
[(      7917,6)]
[(      7223,5)]
[(      6251,1)]
[(      2435,10)]
[(      1463,2)]
[(      1706,1)]
[(      9005,19)]
[(      3245,31)]
[(      1544,48)]
[(      6413,41)]
[(      7142,2)]
[(      2967,4)]
[(      3902,54)]
[(      1382,75)]
[(      7061,44)]
[(      7642,38)]
[(      8614,2)]
[(      3088,13)]
[(      3051,46)]
[(      2322,3)]
[(      1017,6691)]
[(      1963,18)]
[(      5941,24)]
[(      3826,47)]
[(      6418,39)]
[(      7561,17)]
[(      3907,7)]
[(      5446,7)]
[(      9956,2)]
[(      2241,53)]
[(      6832,19)]
[(      3583,57)]
[(      6869,2)]
[(      7679,5)]
[(      4104,8)]
[(      2403,51)]
[(      2692,18)]
[(      2935,19)]
[(      6913,3)]
[(      1431,164)]
[(      5527,29)]
[(      8371,5)]
[(      9343,2)]
[(      3132,40)]
[(      4474,5)]
[(      9262,9)]
[(      4023,4)]
[(      1013,867)]
[(      4551,27)]
[(      8809,1)]
[(      8566,3)]
[(      8485,1)]
[(      2517,343)]
[(      8034,13)]
[(      1464,5)]
[(      2355,6)]
[(      4588,2)]
[(      8647,4)]
[(      6333,10)]
[(      7224,2)]
[(      9006,2)]
[(      6865,28)]
[(      2931,21)]
[(      3903,45)]
[(      1383,20)]
[(      5109,8)]
[(      7675,1)]
[(      6414,30)]
[(      9501,70)]
[(      9989,22)]
[(      9295,4)]
[(      5361,38)]
[(      3084,272)]
[(      2274,58)]
[(      6252,1)]
[(      6171,40)]
[(      9871,1)]
[(      3165,2)]
[(      9619,1)]
[(      3822,43)]
[(      7756,3)]
[(      3741,77)]
[(      5398,4)]
[(      6141,9)]
[(      6097,19)]
[(      2244,33)]
[(      5368,2)]
[(      2082,15)]
[(      8536,10)]
[(      5863,7)]
[(      3216,6)]
[(      9265,4)]
[(      8374,2)]
[(      1272,31)]
[(      7483,21)]
[(      6835,39)]
[(      1191,51)]
[(      5331,23)]
[(      3829,30)]
[(      8455,7)]
[(      6673,7)]
[(      9959,5)]
[(      9797,4)]
[(      7645,5)]
[(      8617,2)]
[(      2163,14)]
[(      8293,1)]
[(      2901,47)]
[(      1966,43)]
[(      6222,51)]
[(      7113,7)]
[(      3711,10)]
[(      4107,2)]
[(      4891,36)]
[(      1353,29)]
[(      3135,62)]
[(      3054,33)]
[(      6916,9)]
[(      2406,103)]
[(      5944,23)]
[(      4521,7)]
[(      2991,83)]
[(      5583,29)]
[(      2496,73)]
[(      5051,78)]
[(      5664,34)]
[(      5213,36)]
[(      6104,7)]
[(      1073,319)]
[(      9642,33)]
[(      8913,51)]
[(      4322,29)]
[(      5826,3)]
[(      7941,72)]
[(      9723,142)]
[(      8256,182)]
[(      1767,3)]
[(      9561,43)]
[(      8832,1)]
[(      1686,3)]
[(      3512,653)]
[(      3431,52)]
[(      8337,3)]
[(      8751,1)]
[(      4241,20)]
[(      6717,125)]
[(      6023,3)]
[(      8094,9)]
[(      9804,13)]
[(      7608,56)]
[(      4197,6)]
[(      9147,4)]
[(      3882,72)]
[(      1811,166)]
[(      1316,22)]
[(      4854,49)]
[(      9679,22)]
[(      1154,3)]
[(      5915,35)]
[(      3601,42)]
[(      5672,36)]
[(      3025,30)]
[(      2215,73)]
[(      9687,1)]
[(      6112,3)]
[(      9812,1)]
[(      4411,2930)]
[(      9731,44)]
[(      2134,150)]
[(      5096,1)]
[(      2909,34)]
[(      5591,76)]
[(      1775,21)]
[(      1081,162)]
[(      8426,30)]
[(      6031,46)]
[(      1324,38)]
[(      8345,3)]
[(      8921,80)]
[(      4529,10)]
[(      5221,48)]
[(      8507,2)]
[(      8264,17)]
[(      3971,67)]
[(      1243,15)]
[(      1405,13)]
[(      6644,29)]
[(      7535,25)]
[(      9074,11)]
[(      4781,6)]
[(      5753,30)]
[(      7003,17)]
[(      5258,49)]
[(      5302,15)]
[(      2585,55)]
[(      4286,24)]
[(      3134,50)]
[(      6096,6)]
[(      1271,88)]
[(      6834,9)]
[(      2162,43)]
[(      5862,1)]
[(      8535,2)]
[(      5411,30)]
[(      7031,27)]
[(      1352,5)]
[(      1019,1405)]
[(      6221,199)]
[(      9921,8)]
[(      5367,4)]
[(      5529,7)]
[(      3585,16)]
[(      6915,13)]
[(      1433,44)]
[(      2324,43)]
[(      2243,27)]
[(      7482,55)]
[(      8373,3)]
[(      6672,3)]
[(      5943,9)]
[(      2405,74)]
[(      1965,24)]
[(      6591,24)]
[(      8454,5)]
[(      2694,16)]
[(      3053,58)]
[(      9264,7)]
[(      3828,69)]
[(      4288,5)]
[(      4332,16)]
[(      5142,49)]
[(      1902,40)]
[(      3892,29)]
[(      1777,33)]
[(      9076,20)]
[(      4413,10)]
[(      3027,59)]
[(      4251,52)]
[(      3603,22)]
[(      8266,38)]
[(      8923,8)]
[(      1083,218)]
[(      8347,2)]
[(      2136,3)]
[(      6114,32)]
[(      5223,131)]
[(      5061,100)]
[(      8428,3)]
[(      1696,8)]
[(      7005,17)]
[(      2587,99)]
[(      3441,57)]
[(      8842,4)]
[(      5674,29)]
[(      2712,33)]
[(      9571,18)]
[(      3522,67)]
[(      1821,10)]
[(      7951,72)]
[(      9201,47)]
[(      2631,77)]
[(      5836,5)]
[(      1326,62)]
[(      9733,31)]
[(      5114,1)]
[(      1217,345)]
[(      4223,9)]
[(      8571,1)]
[(      9011,8)]
[(      6005,24)]
[(      3864,12)]
[(      6456,9)]
[(      7798,5)]
[(      1055,293)]
[(      6537,42)]
[(      8076,12)]
[(      8814,1)]
[(      4836,58)]
[(      2522,51)]
[(      5646,11)]
[(      6294,12)]
[(      4061,10)]
[(      6951,29)]
[(      7761,16)]
[(      2973,2)]
[(      5808,11)]
[(      3945,15)]
[(      7428,3)]
[(      9462,8)]
[(      3251,15)]
[(      4142,37)]
[(      3332,40)]
[(      1749,31)]
[(      2441,20)]
[(      6988,16)]
[(      8319,3)]
[(      2553,37)]
[(      7008,11)]
[(      8313,15)]
[(      7954,16)]
[(      8926,34)]
[(      4416,16)]
[(      5307,5)]
[(      1662,1)]
[(      9736,44)]
[(      1329,3)]
[(      2021,53)]
[(      8845,1)]
[(      4335,36)]
[(      1824,34)]
[(      4254,65)]
[(      3363,25)]
[(      6531,68)]
[(      9574,2)]
[(      1211,199)]
[(      5802,29)]
[(      8151,8)]
[(      2391,23)]
[(      6982,4)]
[(      5758,8)]
[(      6612,3)]
[(      8764,1)]
[(      3444,6)]
[(      5145,15)]
[(      3606,6)]
[(      7422,21)]
[(      9655,1)]
[(      9079,6)]
[(      3525,44)]
[(      4911,19)]
[(      9204,64)]
[(      9493,4)]
[(      2102,37)]
[(      5721,75)]
[(      7873,16)]
[(      1086,40)]
[(      7341,1)]
[(      2715,12)]
[(      9123,4)]
[(      8232,46)]
[(      8413,2)]
[(      2491,65)]
[(      5821,11)]
[(      7522,79)]
[(      6712,16)]
[(      2121,25)]
[(      6631,11)]
[(      4273,30)]
[(      8332,55)]
[(      3012,635)]
[(      7559,73)]
[(      2202,215)]
[(      3625,2)]
[(      4435,5)]
[(      1186,67)]
[(      3706,21)]
[(      3544,139)]
[(      7478,9)]
[(      3995,35)]
[(      7108,10)]
[(      6136,28)]
[(      2158,3)]
[(      5245,29)]
[(      1681,2)]
[(      9917,4)]
[(      9061,12)]
[(      6217,40)]
[(      8251,82)]
[(      7603,19)]
[(      6587,3)]
[(      9223,3)]
[(      7441,38)]
[(      9755,6)]
[(      9674,21)]
[(      7892,1)]
[(      7973,1)]
[(      9142,3)]
[(      2572,30)]
[(      1843,6)]
[(      1311,31)]
[(      4354,42)]
[(      6668,13)]
[(      9145,8)]
[(      5211,377)]
[(      3466,6)]
[(      4771,1)]
[(      3961,61)]
[(      1846,3)]
[(      1314,41)]
[(      5248,13)]
[(      8911,317)]
[(      9677,7)]
[(      3709,6)]
[(      3015,196)]
[(      1189,3)]
[(      1071,3621)]
[(      3628,9)]
[(      4401,35)]
[(      5581,44)]
[(      9721,80)]
[(      7525,3)]
[(      5824,2)]
[(      3998,10)]
[(      7606,39)]
[(      6102,13)]
[(      5662,23)]
[(      9064,5)]
[(      7895,5)]
[(      6021,46)]
[(      4438,4)]
[(      4357,89)]
[(      6715,30)]
[(      9307,1)]
[(      1684,1)]
[(      9923,2)]
[(      1967,38)]
[(      6223,6)]
[(      5864,6)]
[(      3055,46)]
[(      8456,8)]
[(      3136,59)]
[(      6142,8)]
[(      9842,1)]
[(      6674,16)]
[(      8618,4)]
[(      1354,19)]
[(      2245,22)]
[(      6061,7)]
[(      3749,15)]
[(      4441,3)]
[(      9798,4)]
[(      5251,54)]
[(      8537,1)]
[(      8294,3)]
[(      2821,11)]
[(      3712,15)]
[(      2902,34)]
[(      9761,41)]
[(      8375,16)]
[(      2407,4)]
[(      3631,7)]
[(      1273,44)]
[(      6836,64)]
[(      1435,23)]
[(      6917,1)]
[(      5017,71)]
[(      5431,67)]
[(      4207,111)]
[(      2182,54)]
[(      2957,49)]
[(      1534,3)]
[(      9365,7)]
[(      9608,12)]
[(      9284,9)]
[(      5963,12)]
[(      2263,31)]
[(      3073,49)]
[(      7907,14)]
[(      1985,24)]
[(      7051,27)]
[(      4126,3)]
[(      9527,1)]
[(      4621,14)]
[(      3316,36)]
[(      7213,20)]
[(      9446,1)]
[(      3235,38)]
[(      7664,2)]
[(      7826,13)]
[(      5512,9)]
[(      3811,254)]
[(      7132,17)]
[(      8023,41)]
[(      3848,15)]
[(      8474,7)]
[(      8636,1)]
[(      4702,57)]
[(      6241,22)]
[(      5374,27)]
[(      1396,26)]
[(      6922,47)]
[(      7651,36)]
[(      2331,62)]
[(      4645,27)]
[(      3141,34)]
[(      1107,82)]
[(      1026,31)]
[(      9433,8)]
[(      8461,2)]
[(      5987,4)]
[(      5455,2)]
[(      3835,5)]
[(      3222,22)]
[(      3754,4)]
[(      6841,101)]
[(      9884,1)]
[(      8623,1)]
[(      2287,23)]
[(      9965,12)]
[(      4726,5)]
[(      5293,2)]
[(      4564,17)]
[(      7075,9)]
[(      6265,9)]
[(      7156,10)]
[(      9271,20)]
[(      7688,4)]
[(      4032,2)]
[(      5617,267)]
[(      1972,43)]
[(      1602,42)]
[(      9514,26)]
[(      2412,3)]
[(      1521,67)]
[(      7813,7)]
[(      8542,2)]
[(      1109,8)]
[(      4115,1)]
[(      9886,1)]
[(      8625,3)]
[(      6311,8)]
[(      7121,51)]
[(      5871,1)]
[(      7734,7)]
[(      2171,80)]
[(      1028,4)]
[(      7815,30)]
[(      7572,48)]
[(      1974,20)]
[(      6267,16)]
[(      6924,5)]
[(      1442,45)]
[(      4485,4)]
[(      3062,172)]
[(      7077,2)]
[(      8012,94)]
[(      5501,21)]
[(      1398,55)]
[(      7491,29)]
[(      2333,86)]
[(      2289,23)]
[(      6843,57)]
[(      2865,9)]
[(      9967,10)]
[(      7202,10)]
[(      9435,1)]
[(      8382,5)]
[(      3224,35)]
[(      3143,15)]
[(      9354,8)]
[(      1361,14)]
[(      6681,75)]
[(      8463,7)]
[(      4566,3)]
[(      2252,56)]
[(      7557,67)]
[(      8862,62)]
[(      3461,23)]
[(      9258,4)]
[(      3704,76)]
[(      9915,6)]
[(      9302,24)]
[(      9221,8)]
[(      4271,11)]
[(      2651,94)]
[(      6828,188)]
[(      2156,4)]
[(      5243,13)]
[(      5405,9)]
[(      5856,5)]
[(      7395,14)]
[(      4352,2)]
[(      6215,32)]
[(      1797,19)]
[(      5081,124)]
[(      4389,19)]
[(      6134,10)]
[(      8448,90)]
[(      6909,21)]
[(      5694,22)]
[(      5324,15)]
[(      3542,152)]
[(      2318,14)]
[(      8899,80)]
[(      1184,15)]
[(      1427,3)]
[(      7106,3)]
[(      8411,17)]
[(      4433,6)]
[(      7025,18)]
[(      7601,42)]
[(      7971,28)]
[(      9591,18)]
[(      9672,9)]
[(      9753,32)]
[(      3993,24)]
[(      1508,25)]
[(      3209,5)]
[(      7638,2)]
[(      4884,6)]
[(      3047,15)]
[(      6666,38)]
[(      8529,1)]
[(      1841,8)]
[(      6585,8)]
[(      6247,16)]
[(      5932,28)]
[(      5437,9)]
[(      1503,72)]
[(      9172,7)]
[(      3042,42)]
[(      6166,23)]
[(      8443,50)]
[(      2313,188)]
[(      4708,57)]
[(      3204,23)]
[(      1792,25)]
[(      8281,103)]
[(      4014,5)]
[(      5851,1)]
[(      5275,20)]
[(      3079,65)]
[(      2151,70)]
[(      9334,1)]
[(      7101,98)]
[(      1422,73)]
[(      6661,69)]
[(      3123,36)]
[(      4384,24)]
[(      9785,6)]
[(      6904,33)]
[(      7471,71)]
[(      8605,12)]
[(      1873,5)]
[(      9866,2)]
[(      6085,16)]
[(      2926,16)]
[(      7552,48)]
[(      8362,3)]
[(      4465,8)]
[(      9415,2)]
[(      6823,38)]
[(      8894,16)]
[(      1341,2)]
[(      3817,83)]
[(      6461,50)]
[(      8162,45)]
[(      9828,5)]
[(      4841,57)]
[(      9134,2)]
[(      2645,60)]
[(      3455,22)]
[(      7884,9)]
[(      5688,89)]
[(      8405,2)]
[(      8081,93)]
[(      6579,1)]
[(      8937,4)]
[(      1060,48)]
[(      2564,64)]
[(      9909,5)]
[(      1222,76)]
[(      9747,59)]
[(      7433,38)]
[(      4184,2)]
[(      4508,7)]
[(      6542,30)]
[(      2726,31)]
[(      4265,8)]
[(      5651,62)]
[(      4878,5)]
[(      2807,58)]
[(      8243,51)]
[(      9215,2)]
[(      2032,39)]
[(      5237,52)]
[(      7271,49)]
[(      4797,24)]
[(      1097,485)]
[(      3293,2)]
[(      7514,38)]
[(      7352,1)]
[(      6704,5)]
[(      9585,3)]
[(      1754,2)]
[(      9053,2)]
[(      5813,16)]
[(      1141,58)]
[(      5172,7)]
[(      6225,64)]
[(      8377,2)]
[(      1356,6)]
[(      6063,16)]
[(      2742,44)]
[(      7611,7)]
[(      8421,15)]
[(      9682,13)]
[(      9231,30)]
[(      2661,80)]
[(      5091,28)]
[(      8872,2)]
[(      1275,8)]
[(      9312,3)]
[(      3633,8)]
[(      2904,33)]
[(      2409,1)]
[(      8539,3)]
[(      5334,7)]
[(      1437,15)]
[(      4281,10)]
[(      7981,10)]
[(      3138,4)]
[(      8458,4)]
[(      6595,7)]
[(      5866,3)]
[(      1969,10)]
[(      1851,72)]
[(      5253,19)]
[(      3471,12)]
[(      3552,46)]
[(      4524,137)]
[(      8502,18)]
[(      7035,10)]
[(      9163,48)]
[(      2142,5)]
[(      3646,3)]
[(      9695,18)]
[(      1945,26)]
[(      9244,28)]
[(      6733,12)]
[(      5761,14)]
[(      8191,43)]
[(      5266,6)]
[(      9406,41)]
[(      1251,99)]
[(      9901,30)]
[(      7381,12)]
[(      6814,62)]
[(      2223,41)]
[(      3114,30)]
[(      1332,13)]
[(      5428,1)]
[(      4005,26)]
[(      4456,11)]
[(      6571,12)]
[(      4537,35)]
[(      5347,6)]
[(      8515,1)]
[(      5509,23)]
[(      5923,5)]
[(      6652,12)]
[(      7462,68)]
[(      1783,11)]
[(      7543,42)]
[(      3565,20)]
[(      7011,30)]
[(      8434,4)]
[(      7705,1)]
[(      2593,110)]
[(      8885,1)]
[(      3033,47)]
[(      2061,45)]
[(      7511,278)]
[(      1094,234)]
[(      8934,25)]
[(      5685,56)]
[(      4794,4)]
[(      1788,50)]
[(      2723,21)]
[(      7548,35)]
[(      8321,198)]
[(      3119,40)]
[(      8196,4)]
[(      3371,56)]
[(      5766,3)]
[(      4875,10)]
[(      3984,38)]
[(      2804,56)]
[(      3452,90)]
[(      3533,77)]
[(      8439,1)]
[(      6576,45)]
[(      5928,40)]
[(      9249,4)]
[(      4424,24)]
[(      4181,14)]
[(      9212,3)]
[(      1175,105)]
[(      9131,4)]
[(      3038,54)]
[(      7467,4)]
[(      6125,5)]
[(      2642,60)]
[(      6657,11)]
[(      4505,3)]
[(      9663,13)]
[(      1832,1)]
[(      9744,44)]
[(      6701,70)]
[(      5315,2)]
[(      1751,11)]
[(      2561,37)]
[(      8277,3)]
[(      9906,1)]
[(      7881,30)]
[(      6044,12)]
[(      4266,2)]
[(      6624,8)]
[(      1755,23)]
[(      9711,261)]
[(      1223,63)]
[(      6994,12)]
[(      6705,7)]
[(      7434,7)]
[(      8406,5)]
[(      2565,69)]
[(      7885,11)]
[(      5571,56)]
[(      1098,160)]
[(      9216,8)]
[(      8325,30)]
[(      4185,2)]
[(      2033,71)]
[(      8857,1)]
[(      7966,2)]
[(      8082,2)]
[(      6129,26)]
[(      3951,40)]
[(      6011,10)]
[(      5689,3)]
[(      5076,34)]
[(      5814,1)]
[(      2114,22)]
[(      2727,20)]
[(      8244,23)]
[(      5652,72)]
[(      8938,9)]
[(      6543,48)]
[(      1061,227)]
[(      6462,26)]
[(      1674,8)]
[(      4761,68)]
[(      4879,9)]
[(      2725,29)]
[(      5074,12)]
[(      5236,49)]
[(      9746,58)]
[(      8404,7)]
[(      4264,14)]
[(      5812,1)]
[(      2806,63)]
[(      6659,12)]
[(      1096,222)]
[(      9908,2)]
[(      9133,9)]
[(      3292,1)]
[(      3373,1)]
[(      1834,28)]
[(      7513,69)]
[(      8774,3)]
[(      8855,3)]
[(      7964,2)]
[(      6541,93)]
[(      1753,7)]
[(      4507,11)]
[(      2563,65)]
[(      5768,22)]
[(      6578,6)]
[(      9665,42)]
[(      5731,40)]
[(      7351,34)]
[(      2031,50)]
[(      6127,6)]
[(      9584,3)]
[(      1221,67)]
[(      1339,65)]
[(      8936,7)]
[(      9089,3)]
[(      6703,30)]
[(      5317,3)]
[(      8161,43)]
[(      8198,4)]
[(      4921,53)]
[(      4877,1)]
[(      9214,1)]
[(      8242,55)]
[(      3454,101)]
[(      7558,69)]
[(      2571,30)]
[(      2201,129)]
[(      2652,46)]
[(      3994,98)]
[(      6711,87)]
[(      3381,19)]
[(      4353,8)]
[(      4434,4)]
[(      4885,5)]
[(      3543,117)]
[(      2157,10)]
[(      3705,59)]
[(      1185,82)]
[(      7107,7)]
[(      5244,10)]
[(      8449,3)]
[(      7891,47)]
[(      1761,39)]
[(      9141,1)]
[(      9673,23)]
[(      5325,4)]
[(      8412,6)]
[(      1509,449)]
[(      4191,72)]
[(      9222,2)]
[(      1428,1)]
[(      3011,1317)]
[(      6216,61)]
[(      7602,37)]
[(      6135,75)]
[(      7396,8)]
[(      8331,102)]
[(      5406,56)]
[(      4515,13)]
[(      7521,159)]
[(      6586,3)]
[(      9263,10)]
[(      1964,29)]
[(      5366,5)]
[(      7481,66)]
[(      3089,48)]
[(      6914,3)]
[(      1432,69)]
[(      3584,238)]
[(      8453,19)]
[(      6671,27)]
[(      2404,36)]
[(      3133,15)]
[(      2855,3)]
[(      6176,22)]
[(      2693,7)]
[(      5861,14)]
[(      4475,1)]
[(      1018,819)]
[(      2323,4)]
[(      6419,27)]
[(      2242,127)]
[(      5528,7)]
[(      4105,47)]
[(      6095,15)]
[(      2161,481)]
[(      1351,18)]
[(      3214,25)]
[(      9795,1)]
[(      6833,20)]
[(      7562,5)]
[(      8615,2)]
[(      5447,5)]
[(      3052,23)]
[(      4024,6)]
[(      6301,197)]
[(      8631,1)]
[(      7821,11)]
[(      8055,2)]
[(      7777,2)]
[(      2952,16)]
[(      6273,1)]
[(      7326,47)]
[(      9441,5)]
[(      1034,54)]
[(      5995,14)]
[(      2871,69)]
[(      1115,38)]
[(      4815,66)]
[(      7902,43)]
[(      5463,34)]
[(      9973,1)]
[(      8749,3)]
[(      9892,7)]
[(      7245,26)]
[(      3762,44)]
[(      5625,46)]
[(      1566,59)]
[(      2376,5)]
[(      4158,16)]
[(      3843,20)]
[(      4491,7)]
[(      3267,6)]
[(      1485,1)]
[(      1647,10)]
[(      5706,75)]
[(      5012,16)]
[(      2295,16)]
[(      9603,24)]
[(      3311,336)]
[(      5049,27)]
[(      4121,3)]
[(      4202,7)]
[(      5382,15)]
[(      7083,1)]
[(      2989,1)]
[(      9027,1)]
[(      1441,88)]
[(      9515,9)]
[(      4727,4)]
[(      6842,15)]
[(      5988,30)]
[(      5375,8)]
[(      4565,4)]
[(      7201,71)]
[(      2288,33)]
[(      7076,4)]
[(      8011,352)]
[(      3755,67)]
[(      8381,19)]
[(      6923,14)]
[(      2251,43)]
[(      1108,53)]
[(      3061,96)]
[(      7814,17)]
[(      3142,30)]
[(      1027,17)]
[(      3223,58)]
[(      7571,20)]
[(      8624,4)]
[(      9966,1)]
[(      7157,2)]
[(      8462,3)]
[(      4484,12)]
[(      1973,22)]
[(      9885,1)]
[(      5951,19)]
[(      4033,25)]
[(      3836,2)]
[(      2332,66)]
[(      4793,39)]
[(      4261,29)]
[(      2065,6)]
[(      5684,66)]
[(      6575,2)]
[(      8438,1)]
[(      1831,8)]
[(      1949,33)]
[(      9699,4)]
[(      2597,70)]
[(      5846,2)]
[(      9743,53)]
[(      5927,5)]
[(      5314,15)]
[(      8933,35)]
[(      1093,178)]
[(      3451,91)]
[(      7466,3)]
[(      3037,42)]
[(      1787,35)]
[(      8771,9)]
[(      5152,24)]
[(      7961,17)]
[(      8276,12)]
[(      4504,41)]
[(      9086,1)]
[(      7547,13)]
[(      6124,1)]
[(      2641,78)]
[(      4423,4)]
[(      2678,55)]
[(      2722,52)]
[(      2803,88)]
[(      3532,60)]
[(      9248,4)]
[(      5071,36)]
[(      9581,27)]
[(      3118,33)]
[(      8401,48)]
[(      1336,53)]
[(      4874,17)]
[(      5233,33)]
[(      6043,43)]
[(      9905,3)]
[(      9824,2)]
[(      6049,23)]
[(      9055,3)]
[(      9749,1)]
[(      2566,68)]
[(      1062,133)]
[(      9712,382)]
[(      4762,6)]
[(      8326,18)]
[(      8245,32)]
[(      3295,35)]
[(      5121,61)]
[(      5653,34)]
[(      7273,13)]
[(      9136,3)]
[(      1756,22)]
[(      2809,3)]
[(      4924,11)]
[(      8821,1)]
[(      5815,1)]
[(      6706,23)]
[(      5491,61)]
[(      4311,53)]
[(      8407,8)]
[(      6463,11)]
[(      6012,2)]
[(      9217,1)]
[(      3871,55)]
[(      2034,44)]
[(      4681,8)]
[(      9631,1)]
[(      8939,55)]
[(      4267,2)]
[(      6544,21)]
[(      2728,39)]
[(      4318,21)]
[(      2374,5)]
[(      5047,11)]
[(      1483,28)]
[(      4651,63)]
[(      5993,33)]
[(      1645,6)]
[(      7694,11)]
[(      2987,18)]
[(      4156,7)]
[(      5704,52)]
[(      3265,11)]
[(      7775,9)]
[(      7856,2)]
[(      6019,9)]
[(      3922,3)]
[(      9971,8)]
[(      5623,57)]
[(      9106,1)]
[(      6271,41)]
[(      4813,41)]
[(      3959,8)]
[(      1113,18)]
[(      9601,27)]
[(      5461,25)]
[(      1069,139)]
[(      6433,19)]
[(      3841,76)]
[(      7081,20)]
[(      1032,83)]
[(      7324,13)]
[(      7864,2)]
[(      8917,53)]
[(      2382,18)]
[(      4245,3)]
[(      2012,121)]
[(      3273,6)]
[(      5631,46)]
[(      7783,25)]
[(      6522,31)]
[(      4696,6)]
[(      1121,56)]
[(      2544,58)]
[(      3192,57)]
[(      7332,18)]
[(      2995,26)]
[(      3354,12)]
[(      1734,1)]
[(      5712,18)]
[(      1077,384)]
[(      7251,48)]
[(      4902,41)]
[(      1815,79)]
[(      4326,9)]
[(      9033,3)]
[(      2625,39)]
[(      8304,26)]
[(      9727,106)]
[(      6603,27)]
[(      8061,43)]
[(      9114,4)]
[(      4858,3)]
[(      6027,8)]
[(      9646,19)]
[(      6441,30)]
[(      3886,44)]
[(      9484,3)]
[(      7413,68)]
[(      8223,29)]
[(      3435,41)]
[(      4437,1)]
[(      3708,31)]
[(      2042,199)]
[(      4194,19)]
[(      9801,60)]
[(      7894,14)]
[(      3014,174)]
[(      6471,18)]
[(      8091,87)]
[(      6219,17)]
[(      8334,11)]
[(      6714,29)]
[(      1151,20)]
[(      5328,10)]
[(      5409,7)]
[(      2204,52)]
[(      5247,66)]
[(      5661,21)]
[(      7399,3)]
[(      7443,80)]
[(      8253,64)]
[(      7605,12)]
[(      3465,10)]
[(      9919,14)]
[(      8415,2)]
[(      4851,25)]
[(      7975,13)]
[(      8172,16)]
[(      6101,54)]
[(      4356,33)]
[(      1313,16)]
[(      1188,31)]
[(      3546,1)]
[(      7524,27)]
[(      9144,1)]
[(      5085,7)]
[(      5823,1)]
[(      2493,41)]
[(      3997,8)]
[(      1764,19)]
[(      2574,21)]
[(      2352,42)]
[(      7915,2)]
[(      3775,11)]
[(      5395,1)]
[(      3162,25)]
[(      3199,62)]
[(      8644,2)]
[(      1461,22)]
[(      1047,25)]
[(      3243,3)]
[(      5025,62)]
[(      8031,94)]
[(      2965,7)]
[(      6367,26)]
[(      6862,53)]
[(      7672,12)]
[(      9454,3)]
[(      7339,62)]
[(      4585,2)]
[(      5106,4)]
[(      7753,6)]
[(      4909,12)]
[(      9616,4)]
[(      8806,1)]
[(      3405,12)]
[(      6411,211)]
[(      2019,9)]
[(      6286,16)]
[(      1623,13)]
[(      2514,388)]
[(      5476,5)]
[(      7591,60)]
[(      9986,2)]
[(      7221,13)]
[(      9003,8)]
[(      4053,6)]
[(      8563,3)]
[(      2271,51)]
[(      1704,45)]
[(      3081,85)]
[(      5971,13)]
[(      8112,3)]
[(      1607,9)]
[(      5504,66)]
[(      4451,23)]
[(      3641,75)]
[(      9401,134)]
[(      4569,5)]
[(      2912,22)]
[(      4613,16)]
[(      2831,10)]
[(      6071,36)]
[(      8015,30)]
[(      3722,25)]
[(      7737,2)]
[(      7205,14)]
[(      1445,43)]
[(      9771,6)]
[(      6684,1)]
[(      9933,22)]
[(      9852,2)]
[(      4532,44)]
[(      5298,18)]
[(      5342,40)]
[(      3065,53)]
[(      5261,68)]
[(      3227,3)]
[(      6846,52)]
[(      5423,18)]
[(      3146,24)]
[(      7575,16)]
[(      9438,1)]
[(      8385,3)]
[(      6615,2)]
[(      6039,17)]
[(      9658,4)]
[(      1746,10)]
[(      5724,9)]
[(      9045,3)]
[(      6534,34)]
[(      8316,25)]
[(      8154,1)]
[(      4671,25)]
[(      3447,15)]
[(      1827,51)]
[(      7425,66)]
[(      9207,51)]
[(      5111,66)]
[(      3898,10)]
[(      4301,90)]
[(      6372,163)]
[(      7263,4)]
[(      5643,42)]
[(      3528,55)]
[(      1214,45)]
[(      2718,66)]
[(      7876,16)]
[(      4176,1)]
[(      1052,184)]
[(      6002,44)]
[(      2394,16)]
[(      3366,1)]
[(      9621,11)]
[(      6291,143)]
[(      5481,69)]
[(      2105,20)]
[(      3861,58)]
[(      7957,13)]
[(      4338,2)]
[(      9991,22)]
[(      2024,63)]
[(      4012,8)]
[(      2267,3)]
[(      3572,112)]
[(      3734,38)]
[(      7136,14)]
[(      9251,41)]
[(      4463,47)]
[(      9413,12)]
[(      8603,29)]
[(      7217,4)]
[(      4382,65)]
[(      2681,88)]
[(      2924,11)]
[(      3077,197)]
[(      1501,21)]
[(      6902,17)]
[(      4706,51)]
[(      9945,6)]
[(      8441,61)]
[(      3202,33)]
[(      7631,39)]
[(      8522,10)]
[(      8397,4)]
[(      4625,15)]
[(      6083,1)]
[(      3121,17)]
[(      3815,56)]
[(      1871,53)]
[(      7587,22)]
[(      5435,2)]
[(      9288,12)]
[(      1619,30)]
[(      6245,56)]
[(      7055,2)]
[(      6821,53)]
[(      6164,32)]
[(      2311,241)]
[(      8097,12)]
[(      3515,56)]
[(      4325,41)]
[(      2011,564)]
[(      7331,57)]
[(      3353,30)]
[(      2543,25)]
[(      9564,1)]
[(      5216,63)]
[(      4163,2)]
[(      7412,59)]
[(      7944,70)]
[(      6521,51)]
[(      3434,35)]
[(      2381,28)]
[(      3191,57)]
[(      8835,5)]
[(      6602,44)]
[(      4901,62)]
[(      9483,1)]
[(      1652,1)]
[(      2624,60)]
[(      7782,9)]
[(      8141,45)]
[(      8303,56)]
[(      8754,31)]
[(      8916,22)]
[(      7863,2)]
[(      1689,74)]
[(      9726,62)]
[(      9645,13)]
[(      6026,25)]
[(      4695,23)]
[(      9113,1)]
[(      6107,5)]
[(      1733,14)]
[(      1076,249)]
[(      5667,22)]
[(      1814,34)]
[(      2994,27)]
[(      1319,34)]
[(      6891,19)]
[(      8222,4)]
[(      5711,36)]
[(      8629,6)]
[(      7576,44)]
[(      9691,1)]
[(      4614,30)]
[(      4001,114)]
[(      8881,82)]
[(      1446,24)]
[(      2913,5)]
[(      3642,16)]
[(      5343,38)]
[(      7495,15)]
[(      5424,4)]
[(      7044,4)]
[(      8386,1)]
[(      4371,30)]
[(      1608,7)]
[(      1941,20)]
[(      9934,33)]
[(      9402,30)]
[(      6685,10)]
[(      3723,57)]
[(      2751,8)]
[(      3561,31)]
[(      5262,72)]
[(      9321,28)]
[(      3147,1)]
[(      7206,35)]
[(      9439,8)]
[(      9853,2)]
[(      7738,5)]
[(      5505,16)]
[(      3066,43)]
[(      4533,25)]
[(      7701,51)]
[(      8016,55)]
[(      6153,1)]
[(      7232,21)]
[(      7313,40)]
[(      1472,3)]
[(      7683,36)]
[(      9627,2)]
[(      1391,63)]
[(      9997,1)]
[(      3911,100)]
[(      8736,1)]
[(      4839,1)]
[(      4064,4)]
[(      7926,3)]
[(      3335,28)]
[(      4145,3)]
[(      7151,46)]
[(      4307,14)]
[(      8042,38)]
[(      5612,258)]
[(      5036,44)]
[(      7764,2)]
[(      1058,281)]
[(      1634,2)]
[(      9465,1)]
[(      9014,4)]
[(      2525,96)]
[(      1021,214)]
[(      8493,17)]
[(      6422,7)]
[(      4721,6)]
[(      4758,10)]
[(      5531,69)]
[(      8574,3)]
[(      1102,226)]
[(      2282,67)]
[(      1715,14)]
[(      4302,2)]
[(      3411,35)]
[(      4834,133)]
[(      6535,36)]
[(      6616,1)]
[(      7958,5)]
[(      4339,10)]
[(      7796,3)]
[(      1215,51)]
[(      3286,21)]
[(      8317,20)]
[(      7921,47)]
[(      1053,514)]
[(      1747,12)]
[(      3862,71)]
[(      2719,72)]
[(      7345,9)]
[(      3899,1)]
[(      5725,11)]
[(      6373,27)]
[(      5644,151)]
[(      5563,50)]
[(      8731,11)]
[(      5482,63)]
[(      6986,10)]
[(      3781,61)]
[(      6003,29)]
[(      9497,1)]
[(      3448,70)]
[(      2025,41)]
[(      2106,19)]
[(      4221,16)]
[(      6454,1)]
[(      9541,18)]
[(      9992,1)]
[(      2971,7)]
[(      5013,11)]
[(      1981,70)]
[(      4816,35)]
[(      1035,63)]
[(      3844,66)]
[(      6436,6)]
[(      5707,83)]
[(      4041,22)]
[(      7903,11)]
[(      3231,27)]
[(      2421,39)]
[(      8713,15)]
[(      9523,4)]
[(      1567,54)]
[(      1648,19)]
[(      7327,44)]
[(      2377,18)]
[(      4735,4)]
[(      6931,45)]
[(      7084,9)]
[(      3925,57)]
[(      2953,28)]
[(      3312,93)]
[(      6274,2)]
[(      9109,3)]
[(      7165,2)]
[(      5626,29)]
[(      5464,25)]
[(      9893,6)]
[(      7822,18)]
[(      4203,2)]
[(      8632,1)]
[(      9442,8)]
[(      9974,6)]
[(      3763,15)]
[(      7741,66)]
[(      8551,11)]
[(      7859,1)]
[(      8218,29)]
[(      1611,45)]
[(      4122,8)]
[(      9361,5)]
[(      4791,26)]
[(      8274,4)]
[(      5268,33)]
[(      1785,26)]
[(      5925,6)]
[(      4539,1)]
[(      6654,7)]
[(      2063,4)]
[(      2144,5)]
[(      8931,18)]
[(      8355,79)]
[(      4007,64)]
[(      9903,15)]
[(      6041,436)]
[(      6816,243)]
[(      3981,118)]
[(      8517,5)]
[(      9408,72)]
[(      5844,8)]
[(      6122,6)]
[(      3648,35)]
[(      4458,6)]
[(      6573,22)]
[(      2801,197)]
[(      3611,4)]
[(      7383,14)]
[(      2595,219)]
[(      7545,92)]
[(      5682,21)]
[(      5763,2)]
[(      2225,148)]
[(      9822,8)]
[(      3116,15)]
[(      9741,45)]
[(      4421,63)]
[(      1334,23)]
[(      1091,399)]
[(      7626,5)]
[(      5349,17)]
[(      9697,13)]
[(      1947,11)]
[(      5231,48)]
[(      4872,42)]
[(      2676,32)]
[(      3035,96)]
[(      7707,17)]
[(      9084,18)]
[(      6438,20)]
[(      4124,8)]
[(      7662,3)]
[(      4818,90)]
[(      6852,54)]
[(      8553,1)]
[(      2342,36)]
[(      7211,28)]
[(      8391,15)]
[(      8102,68)]
[(      5961,66)]
[(      3927,19)]
[(      2261,22)]
[(      4494,6)]
[(      9525,2)]
[(      8715,9)]
[(      1118,10627)]
[(      9606,11)]
[(      3846,7)]
[(      9976,33)]
[(      7905,22)]
[(      3765,24)]
[(      4205,48)]
[(      8021,77)]
[(      7329,27)]
[(      3314,62)]
[(      5466,12)]
[(      1488,2)]
[(      6276,6)]
[(      7581,43)]
[(      9444,6)]
[(      4043,27)]
[(      4575,2)]
[(      5015,6)]
[(      1037,1)]
[(      5709,68)]
[(      7824,36)]
[(      8472,15)]
[(      5628,64)]
[(      1613,25)]
[(      3233,38)]
[(      9363,36)]
[(      3071,478)]
[(      5126,43)]
[(      3344,36)]
[(      5045,86)]
[(      6431,42)]
[(      5621,35)]
[(      9104,27)]
[(      7241,60)]
[(      6017,15)]
[(      1111,96)]
[(      7322,43)]
[(      3263,30)]
[(      6468,22)]
[(      2291,86)]
[(      7773,21)]
[(      4316,3)]
[(      5658,65)]
[(      5991,32)]
[(      1643,4)]
[(      4235,4)]
[(      1067,141)]
[(      1724,18)]
[(      9717,46)]
[(      1562,38)]
[(      8051,94)]
[(      9474,2)]
[(      5702,50)]
[(      3425,4)]
[(      2985,14)]
[(      4811,474)]
[(      6882,25)]
[(      9023,2)]
[(      7854,13)]
[(      7692,4)]
[(      9636,20)]
[(      6512,95)]
[(      5525,15)]
[(      5282,16)]
[(      9008,7)]
[(      9873,3)]
[(      7064,35)]
[(      7721,46)]
[(      1961,8)]
[(      7596,12)]
[(      3329,26)]
[(      5363,7)]
[(      6092,3)]
[(      9792,3)]
[(      3743,38)]
[(      1015,848)]
[(      4553,25)]
[(      2771,74)]
[(      4634,3)]
[(      3248,3)]
[(      2401,47)]
[(      9297,2)]
[(      9341,7)]
[(      3905,160)]
[(      6911,7)]
[(      4102,42)]
[(      3211,9)]
[(      6416,21)]
[(      3086,36)]
[(      8612,1)]
[(      3581,114)]
[(      4472,4)]
[(      3824,112)]
[(      5976,4)]
[(      8531,100)]
[(      9422,23)]
[(      9503,18)]
[(      4021,22)]
[(      1628,95)]
[(      9459,1)]
[(      4715,17)]
[(      4386,19)]
[(      9831,13)]
[(      6744,14)]
[(      1505,45)]
[(      3819,22)]
[(      9255,11)]
[(      4511,63)]
[(      9174,1)]
[(      9912,2)]
[(      8607,28)]
[(      7635,7)]
[(      1343,9)]
[(      3125,9)]
[(      6582,11)]
[(      5691,72)]
[(      4881,47)]
[(      8445,23)]
[(      5439,1)]
[(      1424,22)]
[(      3701,75)]
[(      2315,53)]
[(      1794,10)]
[(      7103,38)]
[(      2153,58)]
[(      9417,9)]
[(      6212,39)]
[(      6825,36)]
[(      6131,93)]
[(      6663,77)]
[(      3206,43)]
[(      7392,3)]
[(      3044,54)]
[(      8526,1)]
[(      2685,33)]
[(      9336,2)]
[(      7554,21)]
[(      5321,22)]
[(      9949,1)]
[(      3738,14)]
[(      1181,154)]
[(      5402,28)]
[(      5853,3)]
[(      8896,18)]
[(      8096,42)]
[(      9482,12)]
[(      5053,8)]
[(      8915,27)]
[(      9644,7)]
[(      3514,75)]
[(      7411,188)]
[(      7448,22)]
[(      9725,50)]
[(      3433,28)]
[(      4856,5)]
[(      2623,27)]
[(      1732,2)]
[(      1318,57)]
[(      1769,4)]
[(      4694,4)]
[(      5666,11)]
[(      1075,235)]
[(      2542,57)]
[(      3271,23)]
[(      1688,10)]
[(      8302,108)]
[(      3352,18)]
[(      7943,80)]
[(      8221,3)]
[(      9112,4)]
[(      6601,47)]
[(      6971,46)]
[(      4243,4)]
[(      2461,40)]
[(      1813,30)]
[(      1156,42)]
[(      2498,28)]
[(      9031,4)]
[(      5215,38)]
[(      2993,80)]
[(      4305,3)]
[(      7311,224)]
[(      9012,5)]
[(      4837,33)]
[(      7348,8)]
[(      6538,36)]
[(      1056,210)]
[(      8077,27)]
[(      8572,2)]
[(      5809,10)]
[(      7681,58)]
[(      4062,3)]
[(      7843,7)]
[(      7429,11)]
[(      4675,16)]
[(      3171,31)]
[(      2974,6)]
[(      9995,1)]
[(      8734,17)]
[(      2523,21)]
[(      3784,16)]
[(      8239,5)]
[(      6871,63)]
[(      2361,32)]
[(      8491,27)]
[(      7924,4)]
[(      9625,1)]
[(      3252,5)]
[(      8121,47)]
[(      3333,37)]
[(      6952,18)]
[(      1713,16)]
[(      1218,28)]
[(      1551,19)]
[(      4143,33)]
[(      4756,4)]
[(      6295,1)]
[(      6006,53)]
[(      9463,11)]
[(      8541,1)]
[(      2411,116)]
[(      5454,10)]
[(      3834,12)]
[(      4482,2)]
[(      5616,240)]
[(      7812,88)]
[(      6921,130)]
[(      7731,106)]
[(      5986,6)]
[(      4031,2)]
[(      3258,13)]
[(      5373,20)]
[(      1601,59)]
[(      8622,6)]
[(      4725,4)]
[(      2286,27)]
[(      7687,3)]
[(      7317,13)]
[(      9351,58)]
[(      9964,3)]
[(      4112,11)]
[(      9883,8)]
[(      9469,5)]
[(      1025,92)]
[(      1106,81)]
[(      1971,37)]
[(      1719,1)]
[(      6877,1)]
[(      3221,38)]
[(      1476,1)]
[(      9458,3)]
[(      2275,39)]
[(      3823,88)]
[(      3742,45)]
[(      1384,1)]
[(      8486,1)]
[(      7595,13)]
[(      8611,1)]
[(      4101,61)]
[(      3247,34)]
[(      9791,25)]
[(      5443,20)]
[(      4589,4)]
[(      5524,8)]
[(      3904,78)]
[(      6866,21)]
[(      9872,1)]
[(      9502,38)]
[(      2518,163)]
[(      2851,26)]
[(      7676,16)]
[(      5281,49)]
[(      9296,2)]
[(      7225,2)]
[(      5975,70)]
[(      4714,14)]
[(      8567,10)]
[(      1546,6)]
[(      6091,2)]
[(      2969,16)]
[(      8035,7)]
[(      3085,56)]
[(      3328,75)]
[(      9421,12)]
[(      1014,753)]
[(      9953,3)]
[(      6415,34)]
[(      4471,17)]
[(      4063,4)]
[(      1471,4)]
[(      7844,15)]
[(      1101,1995)]
[(      1057,278)]
[(      9626,6)]
[(      1633,13)]
[(      7312,52)]
[(      2362,3)]
[(      5035,24)]
[(      8041,19)]
[(      2281,33)]
[(      3253,136)]
[(      3415,8)]
[(      5611,1110)]
[(      2524,19)]
[(      3334,29)]
[(      9013,2)]
[(      9464,3)]
[(      8573,2)]
[(      4225,19)]
[(      6953,16)]
[(      7231,38)]
[(      3785,1)]
[(      9545,5)]
[(      7925,3)]
[(      3947,7)]
[(      8735,2)]
[(      4838,8)]
[(      2975,1)]
[(      4306,10)]
[(      5981,32)]
[(      3172,9)]
[(      3992,100)]
[(      8447,29)]
[(      7637,4)]
[(      1921,24)]
[(      9914,2)]
[(      3703,34)]
[(      5404,12)]
[(      1183,102)]
[(      6827,28)]
[(      6089,1)]
[(      7105,2)]
[(      4351,30)]
[(      9671,28)]
[(      5161,43)]
[(      4388,48)]
[(      4513,7)]
[(      7556,110)]
[(      6214,21)]
[(      3208,40)]
[(      5855,18)]
[(      3541,24)]
[(      9257,11)]
[(      7475,48)]
[(      6584,18)]
[(      8861,58)]
[(      1426,3)]
[(      9176,1)]
[(      9752,42)]
[(      1507,92)]
[(      1796,87)]
[(      2155,2)]
[(      9301,70)]
[(      3046,8)]
[(      2731,25)]
[(      9833,2)]
[(      6665,20)]
[(      6133,11)]
[(      2317,40)]
[(      5242,23)]
[(      2253,41)]
[(      9931,13)]
[(      6231,47)]
[(      4486,13)]
[(      5502,35)]
[(      8013,31)]
[(      9355,3)]
[(      3063,138)]
[(      7573,29)]
[(      1975,43)]
[(      1399,22)]
[(      1362,15)]
[(      7735,5)]
[(      1443,27)]
[(      2334,19)]
[(      5421,79)]
[(      4611,101)]
[(      2415,6)]
[(      4116,27)]
[(      5872,3)]
[(      9436,2)]
[(      7203,27)]
[(      2172,23)]
[(      8626,7)]
[(      7078,5)]
[(      8383,4)]
[(      7041,37)]
[(      7122,35)]
[(      6844,20)]
[(      9968,6)]
[(      4567,14)]
[(      3225,31)]
[(      8464,8)]
[(      3144,28)]
[(      5953,59)]
[(      5296,9)]
[(      6268,2)]
[(      5752,3)]
[(      8506,4)]
[(      8263,18)]
[(      5176,1)]
[(      3024,103)]
[(      1161,51)]
[(      6111,3)]
[(      6229,161)]
[(      1693,37)]
[(      9686,10)]
[(      1404,46)]
[(      7039,15)]
[(      4528,2)]
[(      2908,31)]
[(      1323,25)]
[(      7002,43)]
[(      4942,12)]
[(      6067,19)]
[(      6599,3)]
[(      7534,89)]
[(      5301,95)]
[(      9073,4)]
[(      4285,33)]
[(      5914,46)]
[(      4861,31)]
[(      2665,58)]
[(      2133,29)]
[(      5095,10)]
[(      8344,3)]
[(      9154,1)]
[(      9811,6)]
[(      5671,35)]
[(      1774,10)]
[(      2584,83)]
[(      7985,3)]
[(      7615,6)]
[(      6562,69)]
[(      8346,5)]
[(      4944,14)]
[(      3521,705)]
[(      8265,88)]
[(      5222,74)]
[(      4331,116)]
[(      1325,62)]
[(      2135,91)]
[(      9651,3)]
[(      1901,111)]
[(      1244,8)]
[(      3602,36)]
[(      7536,2)]
[(      7004,23)]
[(      8841,1)]
[(      1082,250)]
[(      9732,22)]
[(      5916,42)]
[(      1406,30)]
[(      5754,21)]
[(      2711,58)]
[(      5141,64)]
[(      3026,32)]
[(      5835,4)]
[(      1695,16)]
[(      3972,70)]
[(      8508,2)]
[(      8922,11)]
[(      6564,6)]
[(      4287,1)]
[(      2586,445)]
[(      8427,4)]
[(      3891,34)]
[(      6645,6)]
[(      5673,30)]
[(      4782,13)]
[(      9156,1)]
[(      5333,2)]
[(      2741,55)]
[(      9311,11)]
[(      7115,1)]
[(      3137,53)]
[(      2408,114)]
[(      2903,46)]
[(      5865,3)]
[(      4361,31)]
[(      6143,5)]
[(      3218,8)]
[(      1968,3)]
[(      6099,13)]
[(      6224,58)]
[(      3056,32)]
[(      9681,18)]
[(      1436,7)]
[(      5252,6)]
[(      3551,39)]
[(      6305,18)]
[(      1274,30)]
[(      3632,23)]
[(      1355,11)]
[(      2165,25)]
[(      1931,89)]
[(      8501,59)]
[(      9843,14)]
[(      8376,3)]
[(      6675,17)]
[(      8538,1)]
[(      5171,466)]
[(      1473,5)]
[(      3336,8)]
[(      7927,3)]
[(      1059,156)]
[(      2977,14)]
[(      6342,2)]
[(      3255,25)]
[(      7071,62)]
[(      2283,20)]
[(      4759,2)]
[(      7765,7)]
[(      3912,1)]
[(      4308,1)]
[(      9628,17)]
[(      9961,1)]
[(      5451,37)]
[(      4641,34)]
[(      5037,120)]
[(      3831,92)]
[(      7314,81)]
[(      9466,3)]
[(      4722,2)]
[(      2526,50)]
[(      1022,33)]
[(      6955,6)]
[(      6261,2)]
[(      7152,17)]
[(      8043,168)]
[(      1103,88)]
[(      1716,10)]
[(      8124,4)]
[(      2445,6)]
[(      6874,20)]
[(      5613,66)]
[(      3417,53)]
[(      7846,3)]
[(      8494,11)]
[(      7233,3)]
[(      4213,1)]
[(      9489,1)]
[(      1991,75)]
[(      1621,80)]
[(      3197,49)]
[(      4907,33)]
[(      1658,1)]
[(      9001,56)]
[(      7418,48)]
[(      7751,42)]
[(      9038,2)]
[(      1702,31)]
[(      6941,24)]
[(      1045,6)]
[(      3773,11)]
[(      7256,7)]
[(      4051,21)]
[(      6365,17)]
[(      2512,223)]
[(      4826,42)]
[(      8309,19)]
[(      5555,19)]
[(      5104,42)]
[(      4664,6)]
[(      2431,11)]
[(      4583,2)]
[(      8723,19)]
[(      9533,7)]
[(      7913,23)]
[(      3241,47)]
[(      3403,14)]
[(      9984,1)]
[(      8561,21)]
[(      8804,3)]
[(      4132,55)]
[(      8147,5)]
[(      6446,14)]
[(      8066,2)]
[(      2221,78)]
[(      5345,74)]
[(      5921,24)]
[(      5264,2)]
[(      6731,59)]
[(      8351,7)]
[(      8513,2)]
[(      6687,8)]
[(      3563,36)]
[(      2591,26)]
[(      7622,45)]
[(      4373,10)]
[(      5507,15)]
[(      3112,61)]
[(      7046,1)]
[(      7497,6)]
[(      6074,16)]
[(      3031,52)]
[(      1862,31)]
[(      9693,15)]
[(      7541,30)]
[(      1448,94)]
[(      9774,4)]
[(      8432,4)]
[(      9936,13)]
[(      9404,34)]
[(      9161,36)]
[(      4454,6)]
[(      4535,40)]
[(      4616,5)]
[(      1781,124)]
[(      3068,127)]
[(      1411,98)]
[(      1943,20)]
[(      8388,5)]
[(      2672,25)]
[(      6155,4)]
[(      4003,57)]
[(      6812,41)]
