[      9728,339]
[      8242,338]
[      5615,338]
[      1931,338]
[      4611,338]
[      5701,337]
[      1396,337]
[      2141,336]
[      3446,336]
[      2134,336]
[      9203,336]
[      2665,335]
[      3035,334]
[      5018,334]
[      5913,334]
[      4382,333]
[      5281,331]
[      5504,330]
[      3741,328]
[      6001,327]
[      2408,327]
[      5061,327]
[      6586,48]
[      4454,48]
[      5724,48]
[      1746,48]
[      1349,48]
[      8897,48]
[      2191,48]
[      2581,48]
[      5633,48]
[      3257,48]
[      8713,48]
[      2969,48]
[      3218,48]
[      3252,48]
[      7242,48]
[      1789,48]
[      4332,48]
[      1474,48]
[      4645,48]
[      3241,137]
[      4384,137]
[      3564,137]
[      6534,137]
[      7417,137]
[      5658,137]
[      6121,137]
[      5595,136]
[      3208,136]
[      7921,136]
[      2804,136]
[      5071,136]
[      8191,136]
[      2324,136]
[      7151,136]
[      4706,136]
[      3245,77]
[      4924,77]
[      1218,77]
[      5091,77]
[      5049,77]
[      8313,77]
[      6605,77]
[      3176,77]
[      4318,77]
[      9716,77]
[      3297,77]
[      5403,77]
[      3291,77]
[      5373,77]
[      6228,77]
[      5331,77]
[      5349,76]
[      5712,76]
[      8325,76]
[      8915,76]
[      6582,76]
[      5645,76]
[      8305,76]
[      5035,76]
[      2105,76]
[      3372,76]
[      8262,76]
[      3171,84]
[      8307,84]
[      7903,84]
[      6941,84]
[      6165,84]
[      4504,84]
[      4389,84]
[      8607,84]
[      9745,84]
[      9679,84]
[      3286,83]
[      6953,83]
[      4861,83]
[      3046,83]
[      6591,83]
[      7909,83]
[      2922,83]
[      5427,83]
[      4124,83]
[      1945,83]
[      2551,83]
[      5383,5]
[      1486,5]
[      3912,5]
[      6454,5]
[      9992,5]
[      6469,5]
[      9007,5]
[      4589,5]
[      8486,5]
[      1853,5]
[      6028,5]
[      9912,5]
[      4016,5]
[      9908,5]
[      3292,5]
[      5812,5]
[      8513,5]
[      7046,5]
[      9448,5]
[      8154,5]
[      9454,5]
[      8759,5]
[      8732,5]
[      9006,5]
[      9457,5]
[      9871,5]
[      9299,5]
[      6273,5]
[      9484,5]
[      9473,5]
[      8857,5]
[      2735,5]
[      8394,5]
[      4119,5]
[      4584,5]
[      4565,5]
[      9138,5]
[      8823,5]
[      4575,5]
[      9631,5]
[      8045,5]
[      5316,5]
[      3413,5]
[      9842,5]
[      1846,5]
[      9537,5]
[      8808,5]
[      6579,5]
[      9053,5]
[      8478,5]
[      3653,5]
[      7668,5]
[      1661,5]
[      9573,5]
[      8615,5]
[      7926,5]
[      9474,5]
[      9852,5]
[      7702,5]
[      9773,5]
[      9153,5]
[      9884,5]
[      9334,5]
[      1131,1323]
[      1073,1290]
[      6511,1278]
[      5657,1246]
[      6041,1242]
[      3015,1241]
[      3582,1240]
[      1076,1211]
[      6816,1200]
[      3311,1192]
[      3077,1177]
[      5612,1164]
[      1096,1150]
[      3812,1131]
[      3811,1113]
[      1114,1109]
[      2512,1087]
[      3621,1064]
[      1082,1063]
[      1083,1049]
[      3214,65]
[      6691,65]
[      1935,65]
[      5124,65]
[      6709,65]
[      9162,65]
[      9533,65]
[      6281,65]
[      1042,65]
[      6464,65]
[      1947,65]
[      6675,65]
[      6606,65]
[      3146,65]
[      3945,64]
[      3172,64]
[      5673,64]
[      9791,64]
[      7961,64]
[      1826,64]
[      7823,64]
[      8561,64]
[      3116,64]
[      6584,64]
[      1943,64]
[      6952,64]
[      3381,64]
[      8802,64]
[      6137,64]
[      9254,64]
[      6416,86]
[      5737,86]
[      9231,86]
[      9331,86]
[      1964,86]
[      7707,86]
[      8231,86]
[      8239,86]
[      3232,86]
[      6707,86]
[      1309,86]
[      1446,86]
[      6669,86]
[      6285,86]
[      1985,86]
[      2984,92]
[      6371,92]
[      6674,92]
[      7531,92]
[      5013,92]
[      8233,92]
[      7631,92]
[      1394,92]
[      4825,92]
[      1044,92]
[      6199,92]
[      5703,92]
[      8711,92]
[      7683,92]
[      5224,92]
[      5931,92]
[      6842,92]
[      6049,92]
[      3959,92]
[      1562,92]
[      5552,92]
[      7463,92]
[      8101,158]
[      3958,158]
[      3953,158]
[      7602,158]
[      1817,158]
[      6523,158]
[      3136,158]
[      6961,158]
[      1705,158]
[      2283,158]
[      3335,158]
[      5144,158]
[      4322,158]
[      9832,15]
[      9918,15]
[      6082,15]
[      9892,15]
[      8449,15]
[      5325,15]
[      8427,15]
[      8382,15]
[      6924,15]
[      6155,15]
[      1384,15]
[      1719,15]
[      9905,15]
[      6295,15]
[      5529,15]
[      6122,15]
[      8193,15]
[      2144,15]
[      4927,15]
[      5172,15]
[      1275,15]
[      7076,15]
[      8464,15]
[      3366,15]
[      3794,15]
[      4681,15]
[      9511,15]
[      8647,15]
[      9145,15]
[      8277,15]
[      1451,15]
[      9833,15]
[      1426,15]
[      9914,15]
[      4184,15]
[      7352,15]
[      4508,15]
[      1754,15]
[      1643,15]
[      4316,15]
[      7123,15]
[      7813,15]
[      5445,15]
[      8488,15]
[      9265,15]
[      7634,15]
[      2908,235]
[      2244,235]
[      2204,233]
[      2182,233]
[      4823,233]
[      1104,233]
[      1503,232]
[      8443,231]
[      4181,230]
[      4153,230]
[      2023,230]
[      3062,1039]
[      1117,1028]
[      1075,1027]
[      1211,1021]
[      1506,1009]
[      1057,1003]
[      8911,1001]
[      5616,998]
[      8256,996]
[      1081,964]
[      1102,963]
[      5617,954]
[      7511,942]
[      1093,939]
[      9723,919]
[      2311,903]
[      1315,895]
[      3039,870]
[      2202,867]
[      3542,863]
[      5614,103]
[      3603,103]
[      2064,103]
[      8244,103]
[      7064,103]
[      5048,103]
[      2573,103]
[      1323,103]
[      2662,103]
[      6003,103]
[      7833,103]
[      7963,63]
[      6017,63]
[      2643,63]
[      6642,63]
[      3608,63]
[      8315,63]
[      2355,63]
[      1974,63]
[      6834,63]
[      5405,63]
[      9733,63]
[      3892,63]
[      7881,63]
[      6712,80]
[      9736,80]
[      7533,80]
[      4906,80]
[      3709,80]
[      8925,80]
[      3138,80]
[      7783,80]
[      6369,80]
[      1045,80]
[      1693,80]
[      1405,80]
[      3123,80]
[      1764,80]
[      1619,80]
[      6564,36]
[      7672,36]
[      3735,36]
[      4587,36]
[      8097,36]
[      7025,36]
[      9591,36]
[      8411,36]
[      5525,36]
[      7693,36]
[      7692,36]
[      5575,36]
[      5821,36]
[      1606,36]
[      8502,36]
[      7562,36]
[      4475,36]
[      4845,36]
[      6118,36]
[      5759,36]
[      7826,36]
[      4306,36]
[      6333,36]
[      7597,36]
[      4635,36]
[      5311,36]
[      7312,197]
[      6002,197]
[      5721,197]
[      5342,197]
[      5801,197]
[      9301,196]
[      5961,196]
[      8131,196]
[      9501,196]
[      7443,196]
[      6224,196]
[      1121,196]
[      7437,195]
[      2497,195]
[      5036,195]
[      6101,195]
[      1949,195]
[      5314,195]
[      4761,195]
[      6222,195]
[      6217,116]
[      9601,116]
[      2261,116]
[      6715,116]
[      5914,116]
[      2034,116]
[      1611,116]
[      5246,116]
[      5753,116]
[      7021,116]
[      5411,115]
[      1906,115]
[      4847,115]
[      4102,115]
[      3056,115]
[      2264,115]
[      2203,100]
[      6361,100]
[      7414,100]
[      2026,100]
[      3749,100]
[      8931,100]
[      3775,100]
[      4715,100]
[      8754,100]
[      7948,100]
[      9482,100]
[      1942,100]
[      9603,100]
[      4838,100]
[      3141,100]
[      2162,99]
[      4341,99]
[      4351,99]
[      1785,99]
[      4691,99]
[      8491,99]
[      6433,99]
[      9901,99]
[      3137,99]
[      2726,99]
[      6981,99]
[      7245,99]
[      4538,99]
[      8094,99]
[      5424,27]
[      6013,27]
[      6626,27]
[      6627,27]
[      9774,27]
[      9967,27]
[      6986,27]
[      1873,27]
[      9684,27]
[      4908,27]
[      9288,27]
[      5453,27]
[      3834,27]
[      1352,27]
[      8831,27]
[      1766,27]
[      4698,27]
[      2155,27]
[      9355,27]
[      6974,27]
[      4061,27]
[      6112,27]
[      8311,27]
[      8771,27]
[      9798,27]
[      9686,27]
[      9262,27]
[      6653,27]
[      4285,78]
[      5507,78]
[      5971,78]
[      6005,78]
[      4051,78]
[      3898,78]
[      2394,78]
[      4641,78]
[      6213,78]
[      5804,78]
[      1132,78]
[      1973,78]
[      3466,78]
[      2524,78]
[      1834,78]
[      7091,78]
[      9417,78]
[      5015,78]
[      4413,78]
[      6671,78]
[      4131,268]
[      2761,268]
[      4357,268]
[      7943,268]
[      9403,268]
[      2582,268]
[      1221,266]
[      9752,266]
[      2061,264]
[      2597,263]
[      8913,262]
[      5121,262]
[      1381,262]
[      1119,262]
[      8531,261]
[      3022,261]
[      4702,260]
[      6412,260]
[      5692,260]
[      3817,260]
[      6732,41]
[      2954,41]
[      7904,41]
[      9551,41]
[      9439,41]
[      4714,41]
[      3774,41]
[      7667,41]
[      3273,41]
[      2727,41]
[      6551,41]
[      3773,41]
[      3244,41]
[      8468,41]
[      7496,41]
[      8044,41]
[      3405,41]
[      8172,41]
[      9298,41]
[      7002,107]
[      7326,107]
[      5915,107]
[      7329,107]
[      5248,107]
[      2685,107]
[      5044,107]
[      4007,107]
[      9715,107]
[      4571,107]
[      6604,107]
[      3142,106]
[      1972,106]
[      1462,106]
[      5242,106]
[      1445,106]
[      1824,106]
[      8266,106]
[      7771,106]
[      4194,106]
[      6835,106]
[      1251,470]
[      2491,466]
[      1165,466]
[      9713,463]
[      6717,459]
[      1069,459]
[      6814,454]
[      5041,453]
[      1222,453]
[      6541,451]
[      4331,450]
[      3439,449]
[      3044,446]
[      6711,446]
[      3523,445]
[      3572,445]
[      5022,442]
[      3528,437]
[      3068,436]
[      8025,436]
[      8016,114]
[      6071,114]
[      3764,114]
[      3133,114]
[      9781,114]
[      4881,114]
[      3814,114]
[      1966,114]
[      3353,114]
[      9356,114]
[      2531,114]
[      7051,114]
[      3891,114]
[      6021,114]
[      9402,113]
[      3443,113]
[      9675,113]
[      2561,113]
[      3738,113]
[      5583,113]
[      9502,113]
[      1041,113]
[      4141,113]
[      7824,113]
[      7891,113]
[      4011,55]
[      7931,55]
[      7887,55]
[      7152,55]
[      5754,55]
[      1829,55]
[      9271,55]
[      5553,55]
[      9536,55]
[      6176,55]
[      1454,55]
[      5333,55]
[      5087,55]
[      5012,55]
[      7676,55]
[      3711,55]
[      4874,55]
[      7932,55]
[      3633,55]
[      4225,55]
[      6467,55]
[      3299,55]
[      7331,215]
[      8084,215]
[      3054,215]
[      3134,214]
[      4841,214]
[      6225,214]
[      2273,214]
[      3881,214]
[      2224,214]
[      2245,213]
[      6713,213]
[      8019,212]
[      2526,211]
[      2271,211]
[      5731,211]
[      2545,211]
[      5751,211]
[      1404,286]
[      2266,284]
[      2719,284]
[      6826,283]
[      2544,283]
[      2841,283]
[      3034,282]
[      7314,282]
[      5707,281]
[      3852,281]
[      7361,280]
[      4524,280]
[      7512,280]
[      4301,279]
[      3316,279]
[      3828,279]
[      2651,279]
[      7553,279]
[      8935,91]
[      5807,91]
[      8493,91]
[      1687,91]
[      3906,91]
[      2985,91]
[      2165,91]
[      4286,91]
[      6576,91]
[      8912,91]
[      7424,91]
[      6909,91]
[      6535,91]
[      8453,70]
[      2543,70]
[      1319,70]
[      2743,70]
[      7828,70]
[      6905,70]
[      5988,70]
[      9451,70]
[      8076,70]
[      2292,70]
[      2481,70]
[      6166,70]
[      1443,70]
[      9732,70]
[      5131,70]
[      2546,70]
[      4106,32]
[      6061,32]
[      2694,32]
[      2159,32]
[      8375,32]
[      9472,32]
[      4161,32]
[      1438,32]
[      4387,32]
[      7054,32]
[      8922,32]
[      6116,32]
[      8124,32]
[      3642,32]
[      9103,32]
[      7439,32]
[      7884,32]
[      7665,32]
[      1757,32]
[      1654,32]
[      6668,32]
[      1831,32]
[      6536,32]
[      9005,32]
[      6436,32]
[      4338,32]
[      1696,32]
[      6235,32]
[      6277,32]
[      6673,32]
[      8536,32]
[      9354,32]
[      5924,32]
[      8271,121]
[      6745,121]
[      6269,121]
[      5682,121]
[      6903,121]
[      5388,121]
[      7701,121]
[      7336,121]
[      7271,121]
[      7328,121]
[      1567,120]
[      3231,120]
[      4255,120]
[      8095,120]
[      4624,120]
[      2983,120]
[      6043,120]
[      5344,120]
[      6367,120]
[      4214,120]
[      3404,120]
[      5981,120]
[      6431,120]
[      3052,120]
[      1813,120]
[      3927,120]
[      1501,120]
[      2314,120]
[      2222,43]
[      6733,43]
[      3611,43]
[      5324,43]
[      7737,43]
[      7574,43]
[      5422,43]
[      2989,43]
[      9462,43]
[      9628,43]
[      7582,43]
[      7003,43]
[      7478,43]
[      4533,43]
[      3947,43]
[      8923,43]
[      9218,43]
[      3465,43]
[      7221,43]
[      6063,43]
[      7908,139]
[      5629,139]
[      5944,139]
[      7577,139]
[      2553,139]
[      6522,139]
[      5374,139]
[      1792,139]
[      1421,138]
[      2911,138]
[      5632,138]
[      7825,138]
[      9714,138]
[      3332,138]
[      3886,138]
[      8042,138]
[      6415,138]
[      4463,138]
[      7587,138]
[      3563,138]
[      6871,138]
[      1561,138]
[      3205,75]
[      9642,75]
[      4202,75]
[      4158,75]
[      5813,75]
[      6365,75]
[      1483,75]
[      7011,75]
[      9981,75]
[      5343,75]
[      7627,75]
[      1969,75]
[      6286,75]
[      7678,75]
[      4451,75]
[      9933,75]
[      1616,75]
[      1189,6]
[      9142,6]
[      1691,6]
[      8736,6]
[      9574,6]
[      9081,6]
[      6109,6]
[      8756,6]
[      8457,6]
[      7115,6]
[      8742,6]
[      8462,6]
[      4415,6]
[      9654,6]
[      9978,6]
[      9055,6]
[      9125,6]
[      9044,6]
[      8476,6]
[      7912,6]
[      5057,6]
[      9963,6]
[      4583,6]
[      8854,6]
[      9907,6]
[      4268,6]
[      9343,6]
[      8843,6]
[      8565,6]
[      6251,6]
[      9585,6]
[      6092,6]
[      9114,6]
[      8483,6]
[      9985,6]
[      8481,6]
[      9464,6]
[      9995,6]
[      9031,6]
[      9922,6]
[      4505,6]
[      8534,6]
[      8372,6]
[      1686,6]
[      9032,6]
[      7614,6]
[      1773,6]
[      8623,6]
[      9108,6]
[      6089,6]
[      9091,6]
[      9623,6]
[      4754,6]
[      5843,6]
[      9939,6]
[      1252,6]
[      3841,363]
[      3544,362]
[      1191,362]
[      3021,361]
[      4001,361]
[      3941,361]
[      8218,358]
[      1185,358]
[      2288,357]
[      8861,357]
[      2201,357]
[      3532,356]
[      6291,355]
[      2332,355]
[      7556,355]
[      8251,355]
[      3931,354]
[      2013,354]
[      8051,354]
[      5694,51]
[      7623,51]
[      4241,51]
[      3336,51]
[      3612,51]
[      5404,51]
[      5165,51]
[      7232,51]
[      1393,51]
[      8916,51]
[      9674,51]
[      4794,51]
[      8715,51]
[      5264,51]
[      2821,51]
[      7981,51]
[      7715,51]
[      7854,50]
[      6572,50]
[      5845,50]
[      1794,50]
[      9493,50]
[      9989,50]
[      6218,50]
[      6102,50]
[      9991,50]
[      9645,50]
[      6351,50]
[      5102,50]
[      9606,50]
[      8626,50]
[      4553,50]
[      1623,50]
[      4484,50]
[      1452,50]
[      5215,148]
[      3055,148]
[      6703,148]
[      1406,148]
[      5654,148]
[      3082,148]
[      5653,148]
[      5741,148]
[      6515,148]
[      3028,147]
[      3329,147]
[      5622,147]
[      2265,147]
[      6831,147]
[      6031,147]
[      5428,10]
[      7705,10]
[      4441,10]
[      7106,10]
[      9258,10]
[      9937,10]
[      5846,10]
[      6124,10]
[      7105,10]
[      4267,10]
[      5826,10]
[      9021,10]
[      1678,10]
[      8927,10]
[      8523,10]
[      9333,10]
[      8571,10]
[      9123,10]
[      8644,10]
[      8806,10]
[      8633,10]
[      1487,10]
[      8747,10]
[      8539,10]
[      9246,10]
[      9486,10]
[      1153,10]
[      5252,10]
[      7927,10]
[      7756,10]
[      3754,10]
[      7964,10]
[      7119,10]
[      4436,10]
[      7935,10]
[      5113,10]
[      7427,10]
[      4115,10]
[      9845,10]
[      8422,10]
[      8432,10]
[      5089,10]
[      9078,10]
[      9956,10]
[      9997,10]
[      6083,10]
[      3785,10]
[      7095,10]
[      9613,10]
[      8701,155]
[      4707,155]
[      2771,155]
[      9801,155]
[      4871,155]
[      7468,155]
[      7131,155]
[      2901,155]
[      7381,154]
[      7423,154]
[      7591,154]
[      3319,154]
[      5046,154]
[      3902,153]
[      1971,153]
[      4816,153]
[      6843,153]
[      1362,153]
[      6533,153]
[      3432,153]
[      1967,153]
[      4421,153]
[      5709,153]
[      5624,153]
[      9207,153]
[      3036,153]
[      4824,153]
[      2391,131]
[      3604,131]
[      2382,131]
[      8026,131]
[      7491,131]
[      2721,131]
[      7576,131]
[      8431,131]
[      4837,131]
[      3121,131]
[      2522,130]
[      8926,130]
[      4196,130]
[      7251,130]
[      8401,130]
[      7547,130]
[      8303,130]
[      3155,130]
[      4921,130]
[      7425,130]
[      1241,130]
[      7792,2]
[      8845,2]
[      7892,2]
[      8437,2]
[      9882,2]
[      1706,2]
[      9456,2]
[      8807,2]
[      1646,2]
[      9812,2]
[      9954,2]
[      9459,2]
[      8746,2]
[      8389,2]
[      9844,2]
[      9691,2]
[      8339,2]
[      6278,2]
[      9134,2]
[      8844,2]
[      8814,2]
[      8883,2]
[      9037,2]
[      8425,2]
[      8632,2]
[      7859,2]
[      8515,2]
[      9966,2]
[      8537,2]
[      9106,2]
[      9152,2]
[      9525,2]
[      1037,2]
[      6289,2]
[      1683,2]
[      9306,2]
[      2840,2]
[      7915,2]
[      4287,2]
[      8841,2]
[      9009,2]
[      8757,2]
[      8628,2]
[      8466,2]
[      2968,2]
[      9962,2]
[      6312,2]
[      8811,2]
[      4796,2]
[      9214,2]
[      3792,2]
[      1609,2]
[      4269,2]
[      8387,2]
[      8497,2]
[      1692,2]
[      5449,2]
[      8617,2]
[      8398,13]
[      8362,13]
[      1769,13]
[      1844,13]
[      5976,13]
[      7664,13]
[      6628,13]
[      7793,13]
[      7777,13]
[      2116,13]
[      4266,13]
[      4062,13]
[      6023,13]
[      4063,13]
[      5381,13]
[      3293,13]
[      7233,13]
[      4759,13]
[      3212,13]
[      5977,13]
[      9688,13]
[      7785,13]
[      9964,13]
[      5973,13]
[      4877,13]
[      8804,13]
[      9213,13]
[      9805,13]
[      1697,13]
[      4032,13]
[      4586,13]
[      6262,13]
[      7766,13]
[      6456,13]
[      5865,13]
[      4364,13]
[      8293,13]
[      8392,13]
[      9607,13]
[      6914,13]
[      8384,13]
[      8724,13]
[      3853,243]
[      5271,243]
[      1521,243]
[      7391,242]
[      3074,242]
[      2272,242]
[      3197,241]
[      3089,241]
[      8921,241]
[      1624,241]
[      4132,240]
[      6661,240]
[      2613,239]
[      5401,239]
[      2291,237]
[      2252,237]
[      5026,237]
[      2024,236]
[      1741,236]
[      4201,236]
[      3452,236]
[      4901,236]
[      1625,236]
[      7722,236]
[      3752,236]
[      7523,236]
[      5014,236]
[      1314,203]
[      3041,203]
[      2564,203]
[      2533,203]
[      6827,203]
[      3315,203]
[      5708,203]
[      3059,202]
[      4354,202]
[      1318,202]
[      5235,202]
[      5628,202]
[      1448,202]
[      2612,202]
[      3583,202]
[      5283,202]
[      6531,201]
[      7481,201]
[      2645,201]
[      2334,201]
[      3845,201]
[      7831,37]
[      9621,37]
[      6442,37]
[      3403,37]
[      9433,37]
[      9646,37]
[      5347,37]
[      9421,37]
[      8345,37]
[      3211,37]
[      9365,37]
[      9608,37]
[      7525,37]
[      6657,37]
[      1733,37]
[      5176,37]
[      9003,37]
[      7055,37]
[      9545,37]
[      1244,37]
[      9255,37]
[      5465,37]
[      4709,37]
[      5652,435]
[      5651,435]
[      1901,434]
[      2242,432]
[      4815,431]
[      1511,427]
[      6532,427]
[      2411,427]
[      1382,425]
[      9724,425]
[      2594,425]
[      5037,424]
[      1183,423]
[      2991,420]
[      7607,418]
[      3911,413]
[      3081,412]
[      2587,411]
[      7201,410]
[      1815,410]
[      1981,410]
[      6446,54]
[      4054,54]
[      6686,54]
[      1724,54]
[      9104,54]
[      1383,54]
[      2374,54]
[      9514,54]
[      5963,54]
[      9481,54]
[      6621,54]
[      6629,54]
[      8212,54]
[      9422,54]
[      7382,54]
[      1316,123]
[      6136,123]
[      4781,123]
[      7954,123]
[      2461,123]
[      8223,123]
[      5011,123]
[      7433,123]
[      1822,123]
[      3115,123]
[      9251,123]
[      2642,123]
[      5258,122]
[      1276,122]
[      2861,122]
[      1312,122]
[      3762,122]
[      1328,122]
[      9934,122]
[      3088,122]
[      7451,384]
[      7001,384]
[      3896,382]
[      1796,382]
[      3534,381]
[      8881,381]
[      8012,380]
[      3451,380]
[      2616,379]
[      5216,379]
[      5688,378]
[      3771,378]
[      4836,377]
[      5301,372]
[      1175,371]
[      5261,369]
[      3481,368]
[      8355,365]
[      3972,365]
[      3707,364]
[      1187,364]
[      1507,364]
[      5141,224]
[      3844,224]
[      1023,223]
[      7241,223]
[      8442,223]
[      2361,223]
[      1107,223]
[      5062,222]
[      4328,222]
[      3772,222]
[      7559,222]
[      5431,222]
[      1991,222]
[      5262,221]
[      8917,221]
[      2548,221]
[      2988,221]
[      5521,220]
[      6212,220]
[      5045,220]
[      1502,220]
[      1335,220]
[      7047,52]
[      9831,52]
[      6462,52]
[      7843,52]
[      7691,52]
[      7345,52]
[      1963,52]
[      4002,52]
[      1633,52]
[      1783,52]
[      5761,52]
[      5808,52]
[      9133,52]
[      1313,52]
[      9503,52]
[      6645,34]
[      4705,34]
[      9423,34]
[      7734,34]
[      6363,34]
[      9036,34]
[      1716,34]
[      6616,34]
[      2431,34]
[      7218,34]
[      7848,34]
[      8702,34]
[      7916,34]
[      9968,34]
[      5809,34]
[      7156,34]
[      6265,34]
[      9931,34]
[      4283,34]
[      6915,34]
[      9571,34]
[      4758,34]
[      1793,34]
[      8525,34]
[      4254,177]
[      7348,177]
[      1034,177]
[      7004,177]
[      4704,177]
[      5626,176]
[      8255,176]
[      8281,175]
[      9101,175]
[      3281,175]
[      2253,175]
[      6561,175]
[      8041,175]
[      2807,174]
[      8162,174]
[      2871,174]
[      3351,174]
[      7071,174]
[      5348,174]
[      5345,174]
[      2914,174]
[      5249,22]
[      4431,22]
[      2154,22]
[      9079,22]
[      5105,22]
[      9008,22]
[      5052,22]
[      6105,22]
[      7861,22]
[      1608,22]
[      3267,22]
[      1767,22]
[      1331,22]
[      5841,22]
[      4197,22]
[      5844,22]
[      5763,22]
[      9883,22]
[      6615,22]
[      7223,22]
[      1109,22]
[      4414,22]
[      5107,22]
[      2752,22]
[      1674,22]
[      7695,22]
[      9629,22]
[      8196,22]
[      7113,22]
[      3125,127]
[      1456,127]
[      6325,127]
[      7007,127]
[      1825,127]
[      3364,127]
[      2025,127]
[      3847,127]
[      5492,127]
[      2981,127]
[      7642,127]
[      5247,127]
[      1321,127]
[      6598,127]
[      2032,126]
[      9671,126]
[      6902,126]
[      1447,126]
[      8023,126]
[      2133,126]
[      5111,170]
[      3085,170]
[      6538,170]
[      8932,170]
[      2625,170]
[      2114,170]
[      7901,170]
[      5371,170]
[      3043,169]
[      3904,169]
[      1325,169]
[      2678,169]
[      7942,169]
[      1782,169]
[      6901,169]
[      2909,169]
[      8606,168]
[      5251,168]
[      9641,168]
[      1339,168]
[      5161,168]
[      4854,168]
[      7207,168]
[      3202,168]
[      1544,168]
[      4561,168]
[      6004,168]
[      5375,29]
[      6677,29]
[      3615,29]
[      1753,29]
[      4305,29]
[      6099,29]
[      2751,29]
[      4771,29]
[      6037,29]
[      4905,29]
[      1735,29]
[      3113,29]
[      9616,29]
[      4053,29]
[      6684,29]
[      8494,29]
[      9483,29]
[      8893,29]
[      5085,29]
[      8532,29]
[      8404,20]
[      3373,20]
[      9677,20]
[      9012,20]
[      7107,20]
[      9917,20]
[      9466,20]
[      9959,20]
[      6982,20]
[      9409,20]
[      6223,20]
[      6096,20]
[      4444,20]
[      4472,20]
[      5409,20]
[      4721,20]
[      4145,20]
[      9479,20]
[      9523,20]
[      4574,20]
[      7688,20]
[      7142,20]
[      4858,20]
[      8066,20]
[      1036,20]
[      2323,20]
[      5109,20]
[      4856,20]
[      8377,20]
[      6617,20]
[      4568,20]
[      3243,20]
[      4529,20]
[      6034,20]
[      8748,20]
[      5094,20]
[      1791,326]
[      7418,326]
[      3078,325]
[      2811,324]
[      8043,324]
[      1911,324]
[      6718,323]
[      1025,323]
[      1441,322]
[      2711,321]
[      7772,321]
[      2321,321]
[      7313,320]
[      5042,319]
[      2993,319]
[      7731,319]
[      1795,318]
[      8899,318]
[      8031,318]
[      8341,47]
[      1731,47]
[      6039,47]
[      4471,47]
[      6654,47]
[      1751,47]
[      6451,47]
[      6983,47]
[      6574,47]
[      4879,47]
[      5306,47]
[      7396,47]
[      8477,47]
[      4333,47]
[      6085,47]
[      4541,47]
[      3013,2562]
[      3512,2561]
[      1078,2483]
[      2011,2324]
[      2132,2272]
[      3072,2189]
[      6211,2147]
[      2586,2127]
[      1043,2093]
[      1097,2027]
[      5211,1971]
[      3071,1954]
[      1053,1937]
[      4811,1880]
[      2514,1843]
[      5171,1832]
[      1077,1721]
[      3318,1698]
[      8011,1696]
[      1033,1672]
[      2541,67]
[      4147,67]
[      6544,67]
[      4944,67]
[      1113,67]
[      4033,67]
[      7946,67]
[      2953,67]
[      1354,67]
[      6045,67]
[      6267,67]
[      5941,67]
[      5146,67]
[      1786,67]
[      9756,67]
[      4112,67]
[      9766,67]
[      3222,67]
[      6811,1651]
[      5038,1642]
[      2312,1585]
[      2513,1568]
[      2595,1552]
[      1091,1528]
[      9712,1506]
[      1066,1474]
[      1217,1470]
[      1171,1451]
[      9711,1416]
[      1031,1410]
[      2611,1385]
[      3016,1385]
[      3084,1374]
[      2161,1370]
[      3584,1370]
[      1021,1369]
[      2517,1366]
[      1509,1337]
[      6067,66]
[      2498,66]
[      4876,66]
[      8278,66]
[      9418,66]
[      8267,66]
[      7773,66]
[      7429,66]
[      4791,66]
[      4004,66]
[      4543,66]
[      6845,66]
[      2935,66]
[      8263,111]
[      7822,111]
[      8446,111]
[      3863,111]
[      3206,111]
[      5551,111]
[      3193,111]
[      8061,111]
[      4849,111]
[      7121,111]
[      7524,111]
[      5245,111]
[      9244,111]
[      3566,111]
[      4535,111]
[      8085,110]
[      8166,110]
[      8035,110]
[      6294,110]
[      2623,110]
[      7061,110]
[      1424,110]
[      1742,110]
[      1702,110]
[      8933,110]
[      6852,110]
[      2629,229]
[      1324,229]
[      5975,229]
[      3561,229]
[      1541,229]
[      4506,229]
[      2805,229]
[      3541,228]
[      7101,228]
[      1106,228]
[      9166,227]
[      3448,227]
[      4703,227]
[      2562,227]
[      5231,226]
[      3816,226]
[      8014,225]
[      2341,225]
[      6741,225]
[      1135,225]
[      2071,225]
[      1744,35]
[      6321,35]
[      6877,35]
[      5234,35]
[      6044,35]
[      9698,35]
[      9256,35]
[      3449,35]
[      7797,35]
[      8433,35]
[      5512,35]
[      2435,35]
[      2974,35]
[      3264,35]
[      4209,35]
[      5738,35]
[      2975,35]
[      8346,35]
[      6074,35]
[      3907,35]
[      5513,35]
[      6255,35]
[      4014,35]
[      9965,35]
[      6916,35]
[      6086,35]
[      6512,657]
[      5644,653]
[      6525,650]
[      2518,645]
[      1056,643]
[      3768,632]
[      2521,627]
[      2583,624]
[      5223,621]
[      1095,620]
[      3513,618]
[      9718,616]
[      3543,616]
[      1411,613]
[      3067,612]
[      7521,608]
[      1105,600]
[      3024,598]
[      1811,597]
[      2593,593]
[      6702,60]
[      2104,60]
[      7535,60]
[      3237,60]
[      5074,60]
[      9541,60]
[      5768,60]
[      3263,60]
[      6247,60]
[      6343,60]
[      1944,60]
[      5922,60]
[      6134,60]
[      8521,60]
[      2923,60]
[      9932,60]
[      4551,59]
[      4625,59]
[      9581,59]
[      9264,59]
[      4711,59]
[      6214,59]
[      5386,59]
[      8407,59]
[      7244,59]
[      3037,186]
[      2552,186]
[      3605,186]
[      2381,186]
[      7442,186]
[      1363,186]
[      5025,186]
[      6581,186]
[      3191,185]
[      9751,185]
[      2563,185]
[      3328,185]
[      9001,185]
[      5705,185]
[      5641,185]
[      8862,184]
[      7006,184]
[      2492,184]
[      7351,184]
[      5236,184]
[      3871,184]
[      3435,184]
[      2333,580]
[      3083,576]
[      1111,575]
[      9727,572]
[      2585,566]
[      5911,564]
[      1398,561]
[      9726,560]
[      1781,553]
[      1059,547]
[      3438,546]
[      6841,539]
[      2803,536]
[      2313,535]
[      9401,528]
[      1112,527]
[      2131,527]
[      1087,525]
[      2031,523]
[      6524,522]
[      2318,58]
[      9084,58]
[      5665,58]
[      5432,58]
[      7137,58]
[      4875,58]
[      4171,58]
[      5296,58]
[      6336,58]
[      6932,57]
[      5423,57]
[      8723,57]
[      9681,57]
[      9206,57]
[      7875,57]
[      3921,57]
[      7958,57]
[      8111,57]
[      2964,57]
[      6444,57]
[      4724,57]
[      4481,57]
[      8651,57]
[      6422,57]
[      6665,57]
[      9648,57]
[      1695,57]
[      6566,57]
[      8264,57]
[      5122,57]
[      7605,57]
[      7625,57]
[      9903,24]
[      7782,24]
[      3265,24]
[      7467,24]
[      9311,24]
[      9293,24]
[      6268,24]
[      7104,24]
[      9222,24]
[      7846,24]
[      8414,24]
[      8567,24]
[      5524,24]
[      1627,24]
[      4423,24]
[      8405,24]
[      5254,24]
[      8344,24]
[      7039,24]
[      2831,24]
[      9771,24]
[      4513,24]
[      8526,24]
[      7635,24]
[      8721,24]
[      7975,24]
[      9261,24]
[      9022,24]
[      7934,24]
[      6705,24]
[      1688,24]
[      9413,24]
[      9921,24]
[      1843,24]
[      9132,24]
[      6957,24]
[      5291,24]
[      4482,24]
[      7126,24]
[      8198,24]
[      5394,24]
[      6276,24]
[      3474,24]
[      4576,24]
[      9977,24]
[      5962,24]
[      9821,24]
[      1333,167]
[      1216,167]
[      8161,167]
[      4873,167]
[      4003,167]
[      6836,167]
[      2343,167]
[      6971,166]
[      9744,166]
[      6562,166]
[      1338,166]
[      9747,298]
[      1601,298]
[      7461,298]
[      6662,297]
[      4381,296]
[      1948,296]
[      5017,295]
[      6135,294]
[      8331,293]
[      8091,293]
[      3737,293]
[      4462,292]
[      2406,292]
[      8181,292]
[      7325,291]
[      8013,290]
[      3551,288]
[      3701,288]
[      3431,288]
[      7513,287]
[      2631,287]
[      5151,287]
[      6964,19]
[      6911,19]
[      7739,19]
[      8508,19]
[      1472,19]
[      1525,19]
[      2973,19]
[      9061,19]
[      4438,19]
[      7851,19]
[      8294,19]
[      7863,19]
[      8855,19]
[      3227,19]
[      2465,19]
[      7611,19]
[      8373,19]
[      7065,19]
[      2855,19]
[      7765,19]
[      8629,19]
[      6447,19]
[      1488,19]
[      9891,19]
[      4725,19]
[      9441,19]
[      6984,19]
[      9685,19]
[      8343,19]
[      5863,19]
[      1154,19]
[      9245,19]
[      7472,19]
[      8152,44]
[      4612,44]
[      9617,44]
[      8391,44]
[      9673,44]
[      7844,44]
[      4695,44]
[      4525,44]
[      8301,44]
[      8421,44]
[      7876,44]
[      5824,44]
[      6219,44]
[      1028,44]
[      4334,44]
[      2295,44]
[      8033,44]
[      8381,44]
[      4175,44]
[      4339,44]
[      6243,44]
[      9649,44]
[      6029,44]
[      9321,85]
[      4911,85]
[      7575,85]
[      1613,85]
[      5803,85]
[      8314,85]
[      4819,85]
[      3114,85]
[      3344,85]
[      5921,85]
[      8148,85]
[      1551,85]
[      2906,85]
[      7933,85]
[      7371,85]
[      4501,85]
[      6721,317]
[      1261,317]
[      4701,317]
[      7522,316]
[      7941,316]
[      4191,315]
[      1976,315]
[      8028,315]
[      8024,314]
[      3317,313]
[      6663,313]
[      3861,312]
[      3533,312]
[      3401,312]
[      3331,312]
[      5341,311]
[      3033,310]
[      6731,310]
[      3111,310]
[      2641,310]
[      2496,310]
[      4621,46]
[      9865,46]
[      2925,46]
[      1946,46]
[      7434,46]
[      5854,46]
[      5509,46]
[      1718,46]
[      5655,46]
[      5125,46]
[      9076,46]
[      8506,46]
[      9035,46]
[      7586,46]
[      6659,46]
[      5757,46]
[      1841,46]
[      9738,46]
[      2163,46]
[      9722,219]
[      7415,219]
[      7333,219]
[      3065,219]
[      7416,219]
[      2741,218]
[      5928,218]
[      9163,218]
[      7545,217]
[      3076,217]
[      3743,217]
[      4231,217]
[      2565,217]
[      5681,217]
[      4101,216]
[      4325,216]
[      9725,216]
[      1141,216]
[      3784,216]
[      3119,216]
[      1108,216]
[      1223,216]
[      2716,216]
[      7955,33]
[      1614,33]
[      5926,33]
[      8055,33]
[      4735,33]
[      9804,33]
[      8107,33]
[      6595,33]
[      4233,33]
[      8319,33]
[      1738,33]
[      8435,33]
[      2445,33]
[      7794,33]
[      8406,33]
[      6027,33]
[      4485,33]
[      5954,33]
[      9785,33]
[      3894,33]
[      9041,33]
[      2471,33]
[      6065,33]
[      1862,102]
[      7776,102]
[      4851,102]
[      1934,102]
[      8064,102]
[      7335,102]
[      7255,102]
[      1351,102]
[      4361,101]
[      6468,101]
[      5991,101]
[      2037,101]
[      5932,101]
[      2317,101]
[      6414,101]
[      6891,101]
[      5233,101]
[      3274,101]
[      3471,101]
[      7573,101]
[      7651,101]
[      3341,143]
[      9471,143]
[      3194,143]
[      4374,143]
[      1334,143]
[      9408,143]
[      7316,143]
[      3233,143]
[      9742,142]
[      2982,142]
[      6666,142]
[      6821,142]
[      4902,142]
[      7991,142]
[      7031,112]
[      6129,112]
[      1401,112]
[      5469,112]
[      1214,112]
[      9404,112]
[      7541,112]
[      3722,112]
[      8308,112]
[      9561,112]
[      2652,206]
[      5406,206]
[      4337,206]
[      3951,206]
[      7555,206]
[      7606,205]
[      5126,205]
[      3069,205]
[      6521,205]
[      6942,205]
[      9351,205]
[      8501,205]
[      2021,204]
[      6874,204]
[      2371,204]
[      5912,204]
[      7384,204]
[      2722,204]
[      3832,252]
[      1412,252]
[      3901,252]
[      6701,252]
[      3522,252]
[      9743,252]
[      1703,252]
[      3455,251]
[      1797,251]
[      6991,251]
[      3027,251]
[      3731,251]
[      9721,250]
[      3851,250]
[      2331,250]
[      3051,250]
[      4205,249]
[      5056,249]
[      1871,249]
[      8441,249]
[      2806,248]
[      3862,248]
[      2035,248]
[      1851,248]
[      9411,248]
[      2676,117]
[      3461,117]
[      1777,117]
[      2421,117]
[      7327,117]
[      5704,117]
[      1921,117]
[      3436,117]
[      9285,117]
[      3742,117]
[      2286,117]
[      1814,117]
[      3434,117]
[      7102,117]
[      4675,39]
[      9302,39]
[      5302,39]
[      9663,39]
[      1277,39]
[      7841,39]
[      7894,39]
[      9697,39]
[      8517,39]
[      2158,39]
[      5725,39]
[      7596,39]
[      5363,39]
[      4203,39]
[      8936,39]
[      3354,39]
[      1617,39]
[      8106,39]
[      6287,39]
[      8338,39]
[      8254,39]
[      7761,39]
[      4554,39]
[      9364,39]
[      6652,30]
[      7864,30]
[      4264,30]
[      8222,30]
[      2362,30]
[      1471,30]
[      8605,30]
[      4212,30]
[      8351,30]
[      7626,30]
[      5446,30]
[      9982,30]
[      4762,30]
[      7108,30]
[      1681,30]
[      7109,30]
[      1778,30]
[      5827,30]
[      4223,30]
[      1631,30]
[      7428,30]
[      9475,30]
[      5063,30]
[      4307,30]
[      1359,30]
[      1422,173]
[      6191,173]
[      2555,173]
[      6681,173]
[      3356,173]
[      3117,173]
[      7471,172]
[      3073,172]
[      2591,172]
[      3704,172]
[      7534,172]
[      1779,171]
[      2284,171]
[      5351,171]
[      3829,171]
[      1353,171]
[      8512,21]
[      4012,21]
[      5435,21]
[      3248,21]
[      5266,21]
[      4569,21]
[      7965,21]
[      7466,21]
[      1676,21]
[      8937,21]
[      8347,21]
[      5925,21]
[      2926,21]
[      8503,21]
[      4363,21]
[      4417,21]
[      7666,21]
[      4491,21]
[      7165,21]
[      8581,21]
[      8371,21]
[      8495,21]
[      3425,21]
[      8396,21]
[      7738,21]
[      4321,21]
[      1657,21]
[      9983,21]
[      7399,21]
[      8538,8]
[      9136,8]
[      9219,8]
[      4727,8]
[      5823,8]
[      8388,8]
[      7781,8]
[      9973,8]
[      5335,8]
[      5689,8]
[      4185,8]
[      5814,8]
[      1652,8]
[      9215,8]
[      8413,8]
[      9811,8]
[      9881,8]
[      8563,8]
[      8482,8]
[      9014,8]
[      9627,8]
[      9524,8]
[      8361,8]
[      9873,8]
[      9023,8]
[      8842,8]
[      7077,8]
[      4566,8]
[      1685,8]
[      1847,8]
[      4308,8]
[      9045,8]
[      9687,8]
[      8507,8]
[      6015,8]
[      4152,8]
[      9447,8]
[      9295,8]
[      4652,8]
[      9866,8]
[      1482,8]
[      1536,8]
[      1682,8]
[      1734,8]
[      9512,8]
[      6975,8]
[      8403,8]
[      1842,8]
[      9315,8]
[      7984,8]
[      5293,8]
[      1477,8]
[      9911,8]
[      5438,8]
[      8832,8]
[      3723,258]
[      5683,258]
[      7514,257]
[      8081,257]
[      2274,257]
[      2691,257]
[      2316,257]
[      8265,256]
[      3995,256]
[      2717,256]
[      7315,255]
[      6862,255]
[      6042,255]
[      5482,254]
[      2624,254]
[      3161,254]
[      3994,253]
[      3014,754]
[      1052,752]
[      1182,739]
[      1098,731]
[      1061,722]
[      1181,716]
[      3032,714]
[      3526,710]
[      1094,705]
[      1074,704]
[      2516,698]
[      1213,698]
[      6301,695]
[      2596,683]
[      9405,680]
[      2041,674]
[      6411,672]
[      2051,671]
[      6828,669]
[      3581,659]
[      2215,278]
[      2718,277]
[      3514,277]
[      3732,277]
[      2661,277]
[      3029,276]
[      8071,275]
[      3744,275]
[      3075,275]
[      2405,274]
[      3819,274]
[      3645,274]
[      2223,273]
[      5631,272]
[      2712,272]
[      3585,271]
[      6812,271]
[      3314,270]
[      8261,269]
[      1402,269]
[      1951,269]
[      3571,269]
[      4941,269]
[      6133,61]
[      5995,61]
[      2322,61]
[      1722,61]
[      4909,61]
[      9988,61]
[      7873,61]
[      5152,61]
[      8276,61]
[      1821,61]
[      9243,61]
[      6075,61]
[      5243,61]
[      3628,61]
[      6095,61]
[      5408,61]
[      7905,61]
[      5646,61]
[      9919,61]
[      4385,61]
[      2728,82]
[      9737,82]
[      8445,82]
[      2622,82]
[      4671,82]
[      5463,82]
[      8766,82]
[      9765,82]
[      1602,82]
[      9407,82]
[      9247,81]
[      6882,81]
[      2532,81]
[      5391,81]
[      4104,81]
[      6432,81]
[      7814,81]
[      1723,81]
[      4041,81]
[      7213,81]
[      6833,81]
[      4615,81]
[      4107,81]
[      2143,81]
[      5133,74]
[      9088,74]
[      2103,74]
[      3993,74]
[      4021,74]
[      1357,74]
[      5464,74]
[      6093,74]
[      4782,73]
[      3464,73]
[      7907,73]
[      8938,73]
[      4424,73]
[      4261,73]
[      6714,73]
[      3848,42]
[      2977,42]
[      5927,42]
[      6463,42]
[      6704,42]
[      4386,42]
[      3165,42]
[      2377,42]
[      9269,42]
[      9444,42]
[      6923,42]
[      1774,42]
[      6631,42]
[      9463,42]
[      2924,42]
[      1341,42]
[      8334,42]
[      5528,42]
[      6081,42]
[      9861,42]
[      4564,42]
[      9062,40]
[      2063,40]
[      4156,40]
[      7775,40]
[      5059,40]
[      4697,40]
[      4772,40]
[      9263,40]
[      9974,40]
[      3763,40]
[      8551,40]
[      7595,40]
[      2376,40]
[      5505,40]
[      4486,40]
[      7685,40]
[      3835,40]
[      7075,40]
[      2684,40]
[      2401,125]
[      1508,125]
[      5066,125]
[      3897,125]
[      1771,125]
[      9151,125]
[      4157,125]
[      2285,125]
[      5256,125]
[      4388,124]
[      8243,124]
[      9201,124]
[      5043,124]
[      8304,124]
[      3087,124]
[      9611,124]
[      7421,124]
[      4844,124]
[      5702,124]
[      6658,124]
[      2802,124]
[      1701,124]
[      2375,98]
[      2121,98]
[      3271,98]
[      2994,98]
[      6413,98]
[      3442,98]
[      9902,98]
[      6164,98]
[      5508,98]
[      8316,98]
[      4401,98]
[      5825,98]
[      3411,98]
[      2574,98]
[      7601,152]
[      9717,152]
[      7322,152]
[      5491,152]
[      1442,152]
[      5966,152]
[      6815,152]
[      7544,152]
[      4765,152]
[      8226,152]
[      1531,152]
[      3842,152]
[      4531,152]
[      7323,152]
[      7548,152]
[      1026,152]
[      3641,190]
[      3815,190]
[      1975,190]
[      4511,190]
[      1628,189]
[      8121,189]
[      1022,189]
[      2907,189]
[      6546,189]
[      5213,189]
[      2636,188]
[      3031,188]
[      2571,188]
[      8077,188]
[      8471,188]
[      5831,187]
[      3433,187]
[      1336,187]
[      6419,210]
[      2404,210]
[      8072,210]
[      3751,210]
[      3626,210]
[      3371,210]
[      3023,210]
[      1432,209]
[      3734,209]
[      3038,209]
[      5384,209]
[      1161,208]
[      8224,208]
[      1035,208]
[      5263,208]
[      2231,208]
[      2681,207]
[      1566,207]
[      3447,207]
[      1399,207]
[      6822,207]
[      7914,25]
[      7217,25]
[      3444,25]
[      6685,25]
[      4694,25]
[      8376,25]
[      8146,25]
[      3412,25]
[      9011,25]
[      9342,25]
[      5851,25]
[      7615,25]
[      5095,25]
[      7256,25]
[      8167,25]
[      4696,25]
[      7871,25]
[      4024,25]
[      4182,25]
[      5439,25]
[      3064,25]
[      9651,25]
[      8112,25]
[      5441,25]
[      7275,25]
[      9467,25]
[      1489,25]
[      4365,12]
[      5313,12]
[      4443,12]
[      5866,12]
[      2409,12]
[      8751,12]
[      9947,12]
[      9362,12]
[      7078,12]
[      8625,12]
[      5871,12]
[      9064,12]
[      4616,12]
[      1736,12]
[      1658,12]
[      9489,12]
[      7610,12]
[      9056,12]
[      9784,12]
[      8835,12]
[      8511,12]
[      9699,12]
[      9211,12]
[      4111,12]
[      9862,12]
[      9367,12]
[      7585,12]
[      5396,12]
[      8618,12]
[      8342,12]
[      8423,12]
[      8572,12]
[      9625,12]
[      9465,12]
[      9864,12]
[      5327,12]
[      9305,12]
[      9797,12]
[      5398,12]
[      8566,12]
[      7918,12]
[      9249,12]
[      5964,12]
[      4208,12]
[      7036,12]
[      8763,12]
[      8363,12]
[      3453,135]
[      3124,135]
[      7448,135]
[      2995,135]
[      9204,135]
[      7621,135]
[      5582,135]
[      9363,135]
[      4731,135]
[      2157,135]
[      2403,135]
[      5642,135]
[      1322,135]
[      5282,134]
[      1865,134]
[      3223,134]
[      2102,134]
[      3207,134]
[      3761,134]
[      6823,134]
[      8022,134]
[      3606,79]
[      5145,79]
[      9341,79]
[      4383,79]
[      5663,79]
[      7364,79]
[      3225,79]
[      4116,79]
[      3204,79]
[      3251,79]
[      1749,79]
[      1274,79]
[      2931,79]
[      3224,79]
[      3196,79]
[      3143,79]
[      4793,79]
[      2036,79]
[      3343,79]
[      9923,4]
[      8541,4]
[      5114,4]
[      9949,4]
[      8871,4]
[      7048,4]
[      8658,4]
[      9178,4]
[      9025,4]
[      9999,4]
[      9886,4]
[      8542,4]
[      9961,4]
[      9998,4]
[      9793,4]
[      8613,4]
[      9796,4]
[      9987,4]
[      9292,4]
[      9986,4]
[      2872,4]
[      8856,4]
[      7985,4]
[      4528,4]
[      9566,4]
[      8812,4]
[      7877,4]
[      9618,4]
[      9113,4]
[      8386,4]
[      9984,4]
[      9038,4]
[      9086,4]
[      8834,4]
[      9656,4]
[      9043,4]
[      9143,4]
[      9993,4]
[      9795,4]
[      9942,4]
[      9527,4]
[      9313,4]
[      9135,4]
[      9054,4]
[      8469,4]
[      9943,4]
[      3651,4]
[      8762,4]
[      2432,4]
[      9534,4]
[      9996,4]
[      7764,4]
[      9304,4]
[      9063,4]
[      9072,4]
[      9526,4]
[      8554,4]
[      9083,4]
[      9696,4]
[      2673,31]
[      8052,31]
[      5861,31]
[      5308,31]
[      6624,31]
[      9221,31]
[      7795,31]
[      4581,31]
[      4882,31]
[      4373,31]
[      5506,31]
[      4453,31]
[      9241,31]
[      4353,31]
[      9635,31]
[      1464,31]
[      7035,31]
[      6612,31]
[      8556,31]
[      7136,31]
[      4456,31]
[      2731,90]
[      3047,90]
[      9164,90]
[      4142,90]
[      5715,90]
[      8075,90]
[      3122,90]
[      5501,90]
[      9431,90]
[      4622,90]
[      3846,90]
[      4503,89]
[      2451,89]
[      3634,89]
[      8894,89]
[      4143,89]
[      2263,89]
[      9753,89]
[      9665,89]
[      7261,89]
[      4931,89]
[      6571,89]
[      1435,89]
[      6167,89]
[      5462,200]
[      1704,200]
[      3823,200]
[      5021,200]
[      2289,200]
[      3441,199]
[      5032,199]
[      7812,199]
[      1816,199]
[      6644,199]
[      3342,199]
[      3705,199]
[      3721,199]
[      4493,199]
[      3313,199]
[      3552,198]
[      1689,198]
[      3553,198]
[      3831,198]
[      8219,198]
[      3562,194]
[      3573,194]
[      2221,194]
[      1046,194]
[      5691,194]
[      2135,194]
[      7552,193]
[      9202,193]
[      6641,193]
[      5621,193]
[      6825,193]
[      3135,193]
[      2675,193]
[      6602,192]
[      6861,192]
[      6881,191]
[      7741,191]
[      7902,191]
[      7412,191]
[      5554,191]
[      5664,191]
[      5503,162]
[      6651,162]
[      4311,162]
[      6088,162]
[      2241,162]
[      6226,162]
[      2275,162]
[      7383,161]
[      6813,161]
[      8891,161]
[      5298,161]
[      1272,161]
[      5241,161]
[      7413,161]
[      2903,161]
[      3565,161]
[      3961,161]
[      8253,161]
[      4204,161]
[      7572,129]
[      4617,129]
[      2986,129]
[      2243,129]
[      2019,129]
[      4105,129]
[      3766,129]
[      3545,129]
[      7495,129]
[      1188,129]
[      7581,129]
[      6922,129]
[      8752,128]
[      7422,128]
[      1759,128]
[      7441,128]
[      4741,128]
[      1505,128]
[      3888,128]
[      5473,128]
[      3989,1]
[      7929,1]
[      5647,1]
[      8641,1]
[      7847,1]
[      9154,1]
[      3895,1]
[      8764,1]
[      8805,1]
[      8745,1]
[      9176,1]
[      9148,1]
[      8761,1]
[      9624,1]
[      8733,1]
[      9994,1]
[      9124,1]
[      7911,1]
[      3860,1]
[      9495,1]
[      9366,1]
[      8452,1]
[      8514,1]
[      9122,1]
[      8489,1]
[      9957,1]
[      7889,1]
[      7858,1]
[      9175,1]
[      8484,1]
[      5318,1]
[      9925,1]
[      6252,1]
[      8642,1]
[      8524,1]
[      9087,1]
[      9825,1]
[      9174,1]
[      5471,1]
[      1428,1]
[      9632,1]
[      1642,1]
[      8505,1]
[      8552,1]
[      9173,1]
[      6716,409]
[      2225,406]
[      2211,405]
[      6131,404]
[      2961,403]
[      4814,402]
[      7321,402]
[      4461,401]
[      3253,401]
[      3971,400]
[      1621,399]
[      7811,399]
[      3991,398]
[      2153,395]
[      3825,395]
[      1032,393]
[      3112,392]
[      4834,390]
[      3312,385]
[      1391,385]
[      7694,28]
[      2965,28]
[      9074,28]
[      7084,28]
[      4122,28]
[      1679,28]
[      8378,28]
[      9828,28]
[      4507,28]
[      3209,28]
[      4567,28]
[      9515,28]
[      7966,28]
[      4527,28]
[      9469,28]
[      7132,28]
[      8474,28]
[      9412,28]
[      6655,28]
[      3899,28]
[      8731,28]
[      7273,28]
[      7588,28]
[      8734,28]
[      9682,28]
[      8895,28]
[      7872,28]
[      8408,28]
[      3791,28]
[      5511,28]
[      7645,28]
[      5756,28]
[      3247,96]
[      6373,96]
[      3849,96]
[      3648,96]
[      6163,96]
[      3355,96]
[      6374,96]
[      6951,96]
[      4416,96]
[      4356,96]
[      7532,96]
[      2987,95]
[      6904,95]
[      2065,95]
[      7134,95]
[      7971,95]
[      1332,95]
[      7211,95]
[      6545,95]
[      6542,95]
[      1775,95]
[      5104,95]
[      1433,95]
[      5253,95]
[      2723,95]
[      2724,95]
[      1317,53]
[      7603,53]
[      4613,53]
[      4634,53]
[      9468,53]
[      4726,53]
[      9936,53]
[      2396,53]
[      7214,53]
[      7885,26]
[      7497,26]
[      3997,26]
[      8451,26]
[      7135,26]
[      8822,26]
[      5437,26]
[      5425,26]
[      5454,26]
[      5986,26]
[      1645,26]
[      8941,26]
[      8397,26]
[      2967,26]
[      5053,26]
[      4315,26]
[      5752,26]
[      8456,26]
[      8194,26]
[      6123,26]
[      8275,26]
[      8211,26]
[      9678,26]
[      7798,26]
[      9893,26]
[      5447,26]
[      5836,26]
[      1607,26]
[      2136,26]
[      6014,26]
[      1329,26]
[      5758,26]
[      6956,26]
[      1636,26]
[      9626,26]
[      7973,26]
[      9755,26]
[      6439,26]
[      8444,26]
[      8516,26]
[      7009,141]
[      9951,141]
[      6026,141]
[      5643,141]
[      6114,141]
[      5571,141]
[      3525,141]
[      1787,141]
[      3843,141]
[      9406,141]
[      5466,141]
[      4751,141]
[      2729,141]
[      4273,140]
[      3417,140]
[      2951,140]
[      2614,140]
[      3703,140]
[      3118,140]
[      6865,140]
[      7334,140]
[      7641,140]
[      1047,119]
[      4371,119]
[      7711,119]
[      3984,119]
[      5993,119]
[      1215,119]
[      8939,119]
[      3262,119]
[      8447,119]
[      3631,118]
[      3962,118]
[      7005,118]
[      5076,118]
[      6543,118]
[      7546,118]
[      7571,118]
[      3554,118]
[      1358,118]
[      7482,118]
[      5581,118]
[      7721,118]
[      7041,118]
[      5143,118]
[      8426,118]
[      1403,118]
[      7845,17]
[      9361,17]
[      1546,17]
[      7663,17]
[      4464,17]
[      9289,17]
[      8522,17]
[      1641,17]
[      9102,17]
[      7983,17]
[      4437,17]
[      7895,17]
[      6634,17]
[      8458,17]
[      9792,17]
[      1484,17]
[      3216,17]
[      6311,17]
[      2865,17]
[      6578,17]
[      8614,17]
[      4023,17]
[      9033,17]
[      5811,17]
[      4884,17]
[      4433,17]
[      1427,17]
[      7636,17]
[      8274,17]
[      8153,17]
[      6465,17]
[      6997,17]
[      4126,17]
[      9284,17]
[      9446,17]
[      2808,17]
[      7986,17]
[      4031,17]
[      8412,17]
[      5392,17]
[      7686,17]
[      5476,17]
[      9497,17]
[      8882,17]
[      8851,7]
[      8479,7]
[      1458,7]
[      9171,7]
[      4539,7]
[      8385,7]
[      7536,7]
[      9885,7]
[      8467,7]
[      9853,7]
[      8753,7]
[      7426,7]
[      4302,7]
[      9496,7]
[      6599,7]
[      8582,7]
[      6237,7]
[      7755,7]
[      7224,7]
[      4288,7]
[      8485,7]
[      4303,7]
[      9452,7]
[      9027,7]
[      9141,7]
[      5984,7]
[      9026,7]
[      7938,7]
[      9109,7]
[      8816,7]
[      9223,7]
[      8439,7]
[      5096,7]
[      9485,7]
[      8335,7]
[      9307,7]
[      8079,7]
[      8773,7]
[      9137,7]
[      5816,7]
[      1476,7]
[      8415,7]
[      8475,7]
[      2412,7]
[      9147,7]
[      9335,7]
[      1058,862]
[      1079,861]
[      1092,856]
[      7311,850]
[      7411,836]
[      2042,834]
[      2515,833]
[      1055,810]
[      2628,802]
[      6221,802]
[      3531,796]
[      1062,792]
[      8017,789]
[      1063,783]
[      3981,782]
[      3045,778]
[      3063,771]
[      1051,768]
[      3818,767]
[      2801,759]
[      1423,62]
[      9205,62]
[      1965,62]
[      6611,62]
[      9521,62]
[      4206,62]
[      2254,62]
[      9291,62]
[      5556,62]
[      9693,62]
[      3864,62]
[      8356,62]
[      5244,62]
[      6241,62]
[      9672,62]
[      8621,62]
[      6077,62]
[      1231,309]
[      3061,309]
[      2171,309]
[      2525,308]
[      1271,308]
[      2353,307]
[      2671,306]
[      3131,306]
[      2566,305]
[      6824,305]
[      7339,304]
[      6466,304]
[      8302,302]
[      7951,302]
[      5684,300]
[      3079,300]
[      4207,299]
[      5613,299]
[      3151,520]
[      3527,513]
[      7551,513]
[      3992,512]
[      1068,508]
[      8448,508]
[      1067,499]
[      6372,498]
[      5081,496]
[      6229,495]
[      3905,490]
[      1431,489]
[      6921,484]
[      1064,484]
[      2012,483]
[      4817,482]
[      1115,482]
[      5222,479]
[      3454,477]
[      3769,474]
[      3985,56]
[      1747,56]
[      1756,56]
[      6215,56]
[      2156,56]
[      6994,56]
[      4839,56]
[      6955,56]
[      6678,56]
[      7081,56]
[      6443,56]
[      5855,56]
[      9286,56]
[      1713,56]
[      7906,56]
[      2921,56]
[      4455,56]
[      4121,56]
[      4536,56]
[      7341,56]
[      7008,56]
[      9734,56]
[      7204,160]
[      2014,160]
[      5268,160]
[      2152,160]
[      4812,160]
[      6231,160]
[      4813,160]
[      3221,160]
[      2151,160]
[      9746,160]
[      6603,160]
[      3026,160]
[      5706,160]
[      8924,159]
[      5481,159]
[      3632,159]
[      7557,159]
[      3776,159]
[      8032,159]
[      8914,159]
[      8141,159]
[      6006,159]
[      4708,159]
[      3042,159]
[      2402,159]
[      2592,159]
[      7558,159]
[      1761,159]
[      1355,45]
[      6744,45]
[      2407,45]
[      3238,45]
[      9695,45]
[      4942,45]
[      7924,45]
[      4326,45]
[      8151,45]
[      8252,45]
[      1648,45]
[      9851,45]
[      8465,45]
[      7736,45]
[      3546,45]
[      5328,45]
[      6471,45]
[      8105,45]
[      9257,45]
[      6019,45]
[      9615,45]
[      7483,45]
[      4885,16]
[      3922,16]
[      9605,16]
[      9443,16]
[      4756,16]
[      5367,16]
[      9073,16]
[      5853,16]
[      7397,16]
[      4878,16]
[      2825,16]
[      7638,16]
[      9416,16]
[      6575,16]
[      9248,16]
[      8438,16]
[      9458,16]
[      8337,16]
[      9024,16]
[      9105,16]
[      1968,16]
[      9945,16]
[      7974,16]
[      6107,16]
[      4323,16]
[      9312,16]
[      8872,16]
[      6127,16]
[      9563,16]
[      4243,16]
[      9944,16]
[      5272,16]
[      1684,16]
[      4247,16]
[      8749,16]
[      8455,16]
[      5368,16]
[      9283,16]
[      7679,16]
[      4474,16]
[      7925,16]
[      1012,36196]
[      1118,21314]
[      1017,15905]
[      1071,12884]
[      1016,7219]
[      1101,6606]
[      1011,6507]
[      3511,5088]
[      1054,4818]
[      1072,4792]
[      3011,4287]
[      1019,4186]
[      1018,4118]
[      3012,3427]
[      1015,3415]
[      3521,3370]
[      5611,3356]
[      1013,3242]
[      4411,3045]
[      1014,2880]
[      2511,2770]
[      3893,69]
[      7821,69]
[      4006,69]
[      9979,69]
[      5951,69]
[      8103,69]
[      3203,69]
[      8604,69]
[      3284,69]
[      7957,69]
[      1961,69]
[      2281,69]
[      8034,68]
[      2905,68]
[      5443,68]
[      6988,68]
[      6999,68]
[      8603,68]
[      5334,68]
[      8896,68]
[      5555,68]
[      2672,68]
[      6097,68]
[      6445,68]
[      4744,68]
[      6844,68]
[      6573,68]
[      7205,68]
[      4827,68]
[      8171,165]
[      5421,165]
[      3421,165]
[      1184,165]
[      9735,165]
[      2101,165]
[      2493,165]
[      4661,165]
[      6461,165]
[      9731,165]
[      7141,164]
[      2495,164]
[      2902,164]
[      5563,164]
[      3362,164]
[      4133,164]
[      5232,164]
[      2315,164]
[      3361,164]
[      5625,163]
[      6931,163]
[      7944,163]
[      5953,163]
[      4251,163]
[      3555,163]
[      5531,163]
[      7671,163]
[      6687,18]
[      7083,18]
[      5534,18]
[      5985,18]
[      7227,18]
[      3249,18]
[      5364,18]
[      9442,18]
[      5864,18]
[      9528,18]
[      6998,18]
[      8584,18]
[      7855,18]
[      8622,18]
[      2626,18]
[      7791,18]
[      3147,18]
[      9971,18]
[      4693,18]
[      9233,18]
[      6996,18]
[      7274,18]
[      3999,18]
[      3467,18]
[      1634,18]
[      9494,18]
[      8821,18]
[      1832,18]
[      6125,18]
[      5766,18]
[      2693,18]
[      4017,18]
[      8241,18]
[      5317,18]
[      1752,18]
[      4585,18]
[      1356,18]
[      4235,18]
[      4245,18]
[      7216,18]
[      9287,18]
[      4284,18]
[      9491,18]
[      7779,18]
[      3524,353]
[      3882,353]
[      3824,352]
[      2554,352]
[      1812,351]
[      8601,350]
[      3755,350]
[      8321,350]
[      2584,350]
[      8021,349]
[      3813,349]
[      3821,349]
[      5212,346]
[      4818,345]
[      3201,345]
[      1065,344]
[      6708,342]
[      3833,341]
[      8232,340]
[      7622,157]
[      2742,157]
[      3998,157]
[      3235,157]
[      1027,157]
[      4872,157]
[      3132,157]
[      5916,156]
[      1086,156]
[      5674,156]
[      3261,156]
[      6537,156]
[      9976,156]
[      1327,156]
[      4631,156]
[      2262,156]
[      5307,49]
[      3258,49]
[      1436,49]
[      9843,49]
[      5154,49]
[      8326,49]
[      6585,49]
[      6438,49]
[      1715,49]
[      9034,49]
[      6035,49]
[      7038,49]
[      8919,49]
[      9915,14]
[      7784,14]
[      1473,14]
[      5764,14]
[      4064,14]
[      8409,14]
[      4151,14]
[      5817,14]
[      8333,14]
[      8624,14]
[      7157,14]
[      9953,14]
[      7796,14]
[      1343,14]
[      6143,14]
[      8383,14]
[      7852,14]
[      7874,14]
[      6274,14]
[      7778,14]
[      5366,14]
[      5433,14]
[      3415,14]
[      1534,14]
[      4588,14]
[      5106,14]
[      7696,14]
[      9212,14]
[      3256,14]
[      7226,14]
[      6153,14]
[      4494,14]
[      9492,14]
[      9415,14]
[      4465,14]
[      1768,14]
[      8428,14]
[      4855,14]
[      6024,14]
[      6174,14]
[      9909,14]
[      6913,14]
[      3234,14]
[      9948,14]
[      6104,14]
[      3192,151]
[      8934,151]
[      6601,151]
[      3333,151]
[      7604,151]
[      6883,151]
[      5321,151]
[      3086,150]
[      9161,150]
[      5142,150]
[      9531,150]
[      3822,150]
[      3708,150]
[      2181,150]
[      6846,149]
[      8332,149]
[      7751,149]
[      8801,149]
[      4891,149]
[      6851,149]
[      3181,133]
[      1902,133]
[      7332,133]
[      2251,133]
[      8096,133]
[      1060,133]
[      5237,133]
[      1361,133]
[      5527,133]
[      3195,133]
[      1941,132]
[      4221,132]
[      1024,132]
[      4532,132]
[      4822,132]
[      3903,132]
[      7346,132]
[      6216,132]
[      1504,132]
[      9435,3]
[      9296,3]
[      9872,3]
[      6307,3]
[      1663,3]
[      8744,3]
[      4766,3]
[      9906,3]
[      8772,3]
[      8758,3]
[      9564,3]
[      4722,3]
[      9657,3]
[      8528,3]
[      9419,3]
[      7849,3]
[      5292,3]
[      9432,3]
[      9359,3]
[      8743,3]
[      8813,3]
[      8612,3]
[      8487,3]
[      8631,3]
[      9913,3]
[      8527,3]
[      8741,3]
[      9633,3]
[      8583,3]
[      9004,3]
[      8564,3]
[      8637,3]
[      5395,3]
[      8627,3]
[      9659,3]
[      8809,3]
[      1662,3]
[      9655,3]
[      9488,3]
[      8892,3]
[      7856,3]
[      9067,3]
[      8636,3]
[      8393,3]
[      8885,3]
[      6917,3]
[      9144,3]
[      8755,3]
[      9438,3]
[      9156,3]
[      8735,3]
[      9013,3]
[      8616,3]
[      9904,3]
[      9155,3]
[      6577,3]
[      7225,11]
[      8611,11]
[      9057,11]
[      8553,11]
[      1485,11]
[      4176,11]
[      7263,11]
[      9658,11]
[      9584,11]
[      8082,11]
[      5872,11]
[      7637,11]
[      7853,11]
[      8463,11]
[      9824,11]
[      6342,11]
[      4163,11]
[      1127,11]
[      8573,11]
[      8722,11]
[      7787,11]
[      1475,11]
[      8395,11]
[      7753,11]
[      7754,11]
[      3836,11]
[      4435,11]
[      8529,11]
[      4352,11]
[      4327,11]
[      4859,11]
[      3625,11]
[      6587,11]
[      9749,11]
[      9217,11]
[      7435,11]
[      9661,11]
[      9111,11]
[      6672,11]
[      9946,11]
[      3652,11]
[      7788,11]
[      9619,11]
[      9047,11]
[      9131,11]
[      6613,11]
[      8765,11]
[      7687,11]
[      7045,11]
[      4317,11]
[      9336,11]
[      5455,11]
[      5987,11]
[      8424,11]
[      8574,11]
[      2267,11]
[      9975,11]
[      8635,11]
[      1186,247]
[      1103,247]
[      3437,247]
[      1861,247]
[      2992,246]
[      7609,246]
[      3053,246]
[      5051,246]
[      4904,246]
[      5591,245]
[      3781,245]
[      1156,245]
[      3198,245]
[      5656,244]
[      5623,244]
[      8102,244]
[      2033,244]
[      3199,244]
[      7317,94]
[      2912,94]
[      1827,94]
[      5685,94]
[      5467,94]
[      2142,93]
[      4537,93]
[      1647,93]
[      1962,93]
[      5541,93]
[      7542,93]
[      2904,93]
[      5451,93]
[      8322,93]
[      3706,93]
[      2415,93]
[      8225,93]
[      7561,93]
[      1622,93]
[      3295,105]
[      6171,105]
[      1145,105]
[      2725,105]
[      6417,105]
[      7431,105]
[      2235,105]
[      7681,105]
[      3712,105]
[      2572,105]
[      2542,105]
[      2941,105]
[      4614,104]
[      6832,104]
[      6418,104]
[      9449,104]
[      7202,104]
[      7827,104]
[      4336,104]
[      1151,104]
[      2547,104]
[      3025,104]
[      6866,104]
[      1311,104]
[      4623,104]
[      6596,38]
[      7735,38]
[      4281,38]
[      5935,38]
[      4515,38]
[      5561,38]
[      2971,38]
[      5666,38]
[      9644,38]
[      6011,38]
[      9216,38]
[      6987,38]
[      7037,38]
[      4013,38]
[      5397,38]
[      1463,38]
[      4271,38]
[      8312,38]
[      5101,38]
[      2959,38]
[      5835,38]
[      6141,38]
[      6151,38]
[      2692,38]
[      6305,88]
[      5802,88]
[      4797,88]
[      5735,88]
[      5502,88]
[      8472,88]
[      5346,88]
[      5672,88]
[      5661,88]
[      2809,87]
[      6706,87]
[      4903,87]
[      3702,87]
[      3739,87]
[      1788,87]
[      2111,87]
[      9051,87]
[      2523,87]
[      8015,87]
[      7206,87]
[      2913,87]
[      7203,87]
[      5047,87]
[      7103,87]
[      3255,87]
[      2957,87]
[      5382,87]
[      5711,109]
[      4926,109]
[      6051,109]
[      7395,109]
[      2351,109]
[      3826,109]
[      5402,109]
[      9636,109]
[      2287,109]
[      7161,108]
[      1721,108]
[      7231,108]
[      1243,108]
[      1212,108]
[      2635,108]
[      2851,108]
[      9461,108]
[      3144,108]
[      7608,108]
[      4335,97]
[      3363,97]
[      6162,97]
[      4542,97]
[      9602,97]
[      1437,97]
[      8602,97]
[      8245,97]
[      4043,97]
[      6181,97]
[      4103,97]
[      5361,97]
[      1273,97]
[      4907,97]
[      7122,97]
[      6441,97]
[      7742,97]
[      8608,72]
[      5662,72]
[      1444,72]
[      4458,72]
[      3145,72]
[      4005,72]
[      5667,72]
[      8918,72]
[      8221,72]
[      3352,72]
[      3765,72]
[      5103,72]
[      8309,72]
[      3334,72]
[      7324,72]
[      9281,72]
[      6132,71]
[      7815,71]
[      2715,71]
[      2441,71]
[      8317,71]
[      3162,71]
[      5275,71]
[      1755,71]
[      7913,71]
[      2082,71]
[      3956,183]
[      3515,183]
[      6271,181]
[      2352,181]
[      4826,181]
[      3602,181]
[      3066,180]
[      2342,180]
[      4835,180]
[      7554,180]
[      7462,180]
[      3445,179]
[      1671,179]
[      1326,179]
[      2015,179]
[      3607,178]
[      5461,178]
[      2106,178]
[      2282,178]
[      1823,178]
[      6227,178]
[      7475,178]
[      5923,23]
[      3646,23]
[      5943,23]
[      7917,23]
[      4664,23]
[      8147,23]
[      7662,23]
[      4265,23]
[      4434,23]
[      9827,23]
[      4174,23]
[      5084,23]
[      1711,23]
[      5472,23]
[      3643,23]
[      9822,23]
[      5856,23]
[      8144,23]
[      5305,23]
[      9172,23]
[      9863,23]
[      7949,23]
[      7215,23]
[      6142,23]
[      1992,23]
[      7661,23]
[      4655,23]
[      8374,23]
[      4521,23]
[      9741,146]
[      2627,146]
[      5671,146]
[      7543,146]
[      9414,146]
[      2952,146]
[      6245,146]
[      5221,146]
[      3601,146]
[      6161,146]
[      7419,146]
[      2172,145]
[      9761,145]
[      7447,145]
[      3925,145]
[      2022,145]
[      2713,145]
[      4128,145]
[      1784,145]
[      4651,144]
[      1852,144]
[      2632,144]
[      3402,144]
[      1461,144]
[      5175,144]
[      5627,144]
[      9112,9]
[      1732,9]
[      9297,9]
[      8434,9]
[      9314,9]
[      7044,9]
[      6012,9]
[      5815,9]
[      6091,9]
[      9969,9]
[      4117,9]
[      8336,9]
[      6676,9]
[      6111,9]
[      7234,9]
[      4213,9]
[      8454,9]
[      5862,9]
[      8535,9]
[      7392,9]
[      9434,9]
[      6261,9]
[      4522,9]
[      9294,9]
[      5434,9]
[      9955,9]
[      1481,9]
[      8459,9]
[      6869,9]
[      9609,9]
[      8884,9]
[      1655,9]
[      4211,9]
[      7786,9]
[      5315,9]
[      9077,9]
[      4562,9]
[      9337,9]
[      9089,9]
[      8774,9]
[      7675,9]
[      9535,9]
[      4155,9]
[      7936,9]
[      9436,9]
[      8461,9]
