[      1931,56]
[      3014,55]
[      1211,55]
[      1057,55]
[      1076,55]
[      9723,54]
[      4834,54]
[      5657,54]
[      2311,53]
[      3812,53]
[      3062,53]
[      2801,53]
[      7411,52]
[      3318,50]
[      2042,50]
[      8091,15]
[      3198,15]
[      7437,15]
[      6708,15]
[      4462,15]
[      3833,15]
[      4761,15]
[      3852,15]
[      5482,15]
[      3743,15]
[      2587,15]
[      8266,15]
[      2271,15]
[      3342,15]
[      1065,15]
[      2613,15]
[      2717,15]
[      6412,15]
[      2286,15]
[      1141,15]
[      1361,15]
[      4703,15]
[      2548,15]
[      3078,15]
[      8355,15]
[      3135,15]
[      4205,15]
[      1816,15]
[      3769,15]
[      8332,15]
[      3771,15]
[      4382,15]
[      6821,15]
[      4941,15]
[      7391,15]
[      2566,15]
[      4702,15]
[      4207,15]
[      3079,15]
[      1183,15]
[      9301,15]
[      3762,15]
[      2871,15]
[      7321,15]
[      8232,15]
[      7412,15]
[      8101,15]
[      7942,15]
[      3971,15]
[      4836,15]
[      5051,15]
[      2584,15]
[      8012,15]
[      5045,15]
[      1012,2727]
[      1118,1051]
[      1017,831]
[      1071,666]
[      1016,420]
[      3511,287]
[      3011,281]
[      1019,281]
[      3071,261]
[      1072,240]
[      1011,236]
[      1101,211]
[      5611,209]
[      3521,200]
[      9711,199]
[      3012,195]
[      5011,10]
[      5707,10]
[      7671,10]
[      1326,10]
[      1865,10]
[      2914,10]
[      2629,10]
[      6835,10]
[      1027,10]
[      8271,10]
[      2141,10]
[      4506,10]
[      1501,10]
[      9742,10]
[      8501,10]
[      1975,10]
[      7334,10]
[      1086,10]
[      8224,10]
[      1041,10]
[      2545,10]
[      3524,10]
[      2597,10]
[      3037,10]
[      5582,10]
[      4231,10]
[      5283,10]
[      3751,10]
[      3707,10]
[      9675,10]
[      9714,10]
[      1119,10]
[      1796,10]
[      7601,10]
[      2283,10]
[      4153,10]
[      7122,10]
[      8061,10]
[      2571,10]
[      1151,10]
[      2204,10]
[      7577,10]
[      2671,10]
[      3432,10]
[      7609,10]
[      6718,10]
[      3514,10]
[      2404,10]
[      1241,10]
[      6883,10]
[      7323,10]
[      3085,10]
[      2033,10]
[      3055,10]
[      2332,10]
[      4624,10]
[      3571,10]
[      7581,10]
[      3233,10]
[      3721,10]
[      7943,10]
[      5916,10]
[      5141,10]
[      8265,10]
[      5625,10]
[      5463,10]
[      3561,10]
[      4132,10]
[      3082,10]
[      8932,10]
[      3821,10]
[      3951,10]
[      4325,10]
[      3522,10]
[      5631,10]
[      1121,10]
[      8917,10]
[      2405,10]
[      1424,10]
[      3552,10]
[      3235,10]
[      3073,10]
[      1795,10]
[      1333,10]
[      2675,10]
[      5032,10]
[      3333,10]
[      3341,10]
[      2624,10]
[      4901,10]
[      3051,10]
[      2241,10]
[      9431,10]
[      1991,10]
[      3861,10]
[      7006,10]
[      4872,10]
[      7707,10]
[      5268,10]
[      5554,10]
[      3772,10]
[      2841,10]
[      9747,10]
[      8081,10]
[      2564,10]
[      1602,10]
[      2988,10]
[      8263,10]
[      7534,10]
[      2101,7]
[      1779,7]
[      8077,7]
[      6042,7]
[      2981,7]
[      8096,7]
[      7009,7]
[      3607,7]
[      1184,7]
[      8862,7]
[      5405,7]
[      1824,7]
[      1962,7]
[      6904,7]
[      5626,7]
[      5215,7]
[      3956,7]
[      4847,7]
[      1723,7]
[      7691,7]
[      6741,7]
[      3122,7]
[      7137,7]
[      3245,7]
[      2284,7]
[      5658,7]
[      3904,7]
[      2492,7]
[      8918,7]
[      5632,7]
[      7328,7]
[      1969,7]
[      4524,7]
[      3704,7]
[      5446,7]
[      3752,7]
[      2555,7]
[      3829,7]
[      3142,7]
[      8375,7]
[      6731,7]
[      3335,7]
[      2983,7]
[      2037,7]
[      3417,7]
[      2272,7]
[      1705,7]
[      2114,7]
[      2264,7]
[      9285,7]
[      7827,7]
[      5388,7]
[      7336,7]
[      2023,7]
[      1755,7]
[      4617,7]
[      1108,7]
[      9603,7]
[      1034,7]
[      1335,7]
[      7627,7]
[      5232,7]
[      4793,7]
[      3118,7]
[      7554,7]
[      2315,7]
[      6813,7]
[      7715,7]
[      4421,7]
[      1961,7]
[      2574,7]
[      1035,7]
[      9641,7]
[      2531,7]
[      3722,7]
[      3315,7]
[      3766,7]
[      3823,7]
[      7419,7]
[      2351,7]
[      2964,7]
[      9636,7]
[      6827,7]
[      9671,7]
[      5373,7]
[      2243,7]
[      7482,7]
[      5411,7]
[      9951,7]
[      6891,7]
[      2381,7]
[      5711,7]
[      5142,7]
[      1902,7]
[      6031,7]
[      7535,7]
[      5258,7]
[      7591,7]
[      2913,7]
[      8303,7]
[      6026,7]
[      3191,7]
[      1671,7]
[      5236,7]
[      8226,7]
[      5641,7]
[      2022,7]
[      7261,7]
[      3364,7]
[      4782,7]
[      7907,7]
[      1941,7]
[      9402,7]
[      3455,7]
[      4181,7]
[      3119,7]
[      6576,7]
[      9244,7]
[      7417,7]
[      5408,7]
[      7531,7]
[      4731,7]
[      3958,7]
[      6561,7]
[      7908,7]
[      2415,7]
[      5421,7]
[      3435,7]
[      2014,7]
[      6121,7]
[      8034,7]
[      9408,7]
[      9741,7]
[      5521,7]
[      3817,7]
[      1422,7]
[      6823,7]
[      7005,7]
[      1214,7]
[      5111,7]
[      7544,7]
[      4538,7]
[      9001,7]
[      3436,7]
[      1742,7]
[      8608,7]
[      7422,7]
[      4254,7]
[      3363,7]
[      7245,7]
[      5035,7]
[      3781,7]
[      3448,7]
[      7433,7]
[      4651,7]
[      5735,7]
[      1433,7]
[      7776,7]
[      6715,7]
[      5662,7]
[      1358,7]
[      7532,7]
[      6581,7]
[      6226,7]
[      2662,7]
[      3553,7]
[      4532,7]
[      7205,7]
[      3031,7]
[      5629,7]
[      7131,7]
[      2986,7]
[      4812,7]
[      3162,7]
[      5213,7]
[      7608,7]
[      5914,7]
[      1693,7]
[      3582,130]
[      3016,116]
[      1217,115]
[      2586,112]
[      3072,108]
[      9718,106]
[      2513,103]
[      5211,103]
[      8011,102]
[      6811,102]
[      2132,101]
[      1031,93]
[      5038,92]
[      3311,89]
[      5171,89]
[      1251,21]
[      3035,21]
[      6826,21]
[      3061,21]
[      4815,21]
[      1069,21]
[      1503,21]
[      2153,21]
[      2526,18]
[      7481,18]
[      9403,18]
[      8251,18]
[      6372,18]
[      3528,18]
[      4301,18]
[      2718,18]
[      6713,18]
[      8881,18]
[      7204,18]
[      3197,18]
[      2134,18]
[      7559,18]
[      2491,18]
[      2408,18]
[      5022,18]
[      6921,18]
[      8014,18]
[      2288,18]
[      3029,18]
[      3851,18]
[      3451,18]
[      3044,18]
[      1601,18]
[      5615,18]
[      7418,26]
[      2333,26]
[      3331,26]
[      1095,26]
[      8025,26]
[      7447,26]
[      1061,26]
[      1815,26]
[      8181,26]
[      7551,25]
[      1271,25]
[      5652,25]
[      5037,25]
[      4818,25]
[      1431,25]
[      1067,25]
[      2051,25]
[      3467,1]
[      1685,1]
[      5087,1]
[      4281,1]
[      1525,1]
[      1767,1]
[      4322,1]
[      8832,1]
[      8625,1]
[      7778,1]
[      9442,1]
[      6274,1]
[      9893,1]
[      3763,1]
[      2377,1]
[      8563,1]
[      9454,1]
[      7672,1]
[      8813,1]
[      5645,1]
[      4754,1]
[      5403,1]
[      9418,1]
[      6132,1]
[      5854,1]
[      6118,1]
[      5095,1]
[      7973,1]
[      1681,1]
[      9917,1]
[      6631,1]
[      8413,1]
[      9825,1]
[      2642,1]
[      9663,1]
[      6657,1]
[      3907,1]
[      8371,1]
[      2281,1]
[      8735,1]
[      7275,1]
[      9851,1]
[      7736,1]
[      8465,1]
[      3064,1]
[      1444,1]
[      5296,1]
[      9355,1]
[      4567,1]
[      7078,1]
[      8626,1]
[      8754,1]
[      9483,1]
[      8097,1]
[      9605,1]
[      9443,1]
[      1036,1]
[      6932,1]
[      7395,1]
[      4271,1]
[      4884,1]
[      4433,1]
[      3209,1]
[      3993,1]
[      9672,1]
[      6141,1]
[      7483,1]
[      8715,1]
[      2261,1]
[      1488,1]
[      8391,1]
[      9444,1]
[      4494,1]
[      6369,1]
[      4587,1]
[      5973,1]
[      1658,1]
[      9658,1]
[      3366,1]
[      7263,1]
[      7679,1]
[      9343,1]
[      8294,1]
[      4441,1]
[      7202,1]
[      5985,1]
[      1475,1]
[      6065,1]
[      2825,1]
[      9684,1]
[      6678,1]
[      3147,1]
[      9536,1]
[      7754,1]
[      9987,1]
[      6093,1]
[      8488,1]
[      5977,1]
[      8305,1]
[      4697,1]
[      4031,1]
[      5986,1]
[      9432,1]
[      6213,1]
[      2154,1]
[      9832,1]
[      5528,1]
[      2855,1]
[      9263,1]
[      7524,1]
[      5085,1]
[      9919,1]
[      7975,1]
[      9475,1]
[      7855,1]
[      5327,1]
[      6218,1]
[      6669,1]
[      2409,1]
[      5091,1]
[      6595,1]
[      8377,1]
[      7107,1]
[      8449,1]
[      9222,1]
[      4522,1]
[      6142,1]
[      9693,1]
[      7828,1]
[      8395,1]
[      1536,1]
[      4209,1]
[      6162,1]
[      5396,1]
[      9455,1]
[      5107,1]
[      2451,1]
[      5124,1]
[      6628,1]
[      1722,1]
[      8743,1]
[      7852,1]
[      9021,1]
[      5808,1]
[      8319,1]
[      2973,1]
[      3864,1]
[      9027,1]
[      4121,1]
[      7856,1]
[      8747,1]
[      9025,1]
[      9082,1]
[      3114,1]
[      4456,1]
[      8926,1]
[      4911,1]
[      4416,1]
[      9493,1]
[      5758,1]
[      5307,1]
[      6164,1]
[      8892,1]
[      8397,1]
[      2924,1]
[      1773,1]
[      8343,1]
[      4284,1]
[      3643,1]
[      1992,1]
[      5105,1]
[      6447,1]
[      4827,1]
[      9541,1]
[      4302,1]
[      5844,1]
[      9697,1]
[      3611,1]
[      2063,1]
[      5066,1]
[      5561,1]
[      3608,1]
[      9125,1]
[      3284,1]
[      2926,1]
[      1873,1]
[      9785,1]
[      3985,1]
[      8773,1]
[      8322,1]
[      9033,1]
[      9484,1]
[      1734,1]
[      7108,1]
[      6143,1]
[      8538,1]
[      6099,1]
[      3632,1]
[      9311,1]
[      5252,1]
[      1355,1]
[      4062,1]
[      8572,1]
[      6952,1]
[      5472,1]
[      4905,1]
[      9982,1]
[      9649,1]
[      9218,1]
[      5816,1]
[      7887,1]
[      8822,1]
[      3238,1]
[      8521,1]
[      8477,1]
[      4341,1]
[      6123,1]
[      6107,1]
[      1652,1]
[      8835,1]
[      5667,1]
[      8222,1]
[      2136,1]
[      3709,1]
[      8335,1]
[      2959,1]
[      6081,1]
[      9862,1]
[      7585,1]
[      5856,1]
[      9915,1]
[      7638,1]
[      9591,1]
[      9258,1]
[      5243,1]
[      6167,1]
[      4385,1]
[      8423,1]
[      1853,1]
[      1607,1]
[      4451,1]
[      4613,1]
[      6277,1]
[      6321,1]
[      9607,1]
[      7663,1]
[      1331,1]
[      2673,1]
[      3113,1]
[      5841,1]
[      6627,1]
[      4845,1]
[      7851,1]
[      8742,1]
[      8309,1]
[      9533,1]
[      7913,1]
[      8804,1]
[      4553,1]
[      8574,1]
[      8079,1]
[      9627,1]
[      4721,1]
[      1715,1]
[      8494,1]
[      3628,1]
[      7525,1]
[      3466,1]
[      9307,1]
[      1393,1]
[      4316,1]
[      3425,1]
[      1481,1]
[      6998,1]
[      6333,1]
[      3165,1]
[      3822,1]
[      9545,1]
[      4306,1]
[      8241,1]
[      9132,1]
[      7963,1]
[      8403,1]
[      6621,1]
[      4182,1]
[      4589,1]
[      9872,1]
[      6866,1]
[      1627,1]
[      7595,1]
[      3606,1]
[      1329,1]
[      5234,1]
[      1832,1]
[      1788,1]
[      8853,1]
[      9087,1]
[      5666,1]
[      2498,1]
[      9112,1]
[      9298,1]
[      6336,1]
[      7065,1]
[      4147,1]
[      1474,1]
[      5984,1]
[      4161,1]
[      9111,1]
[      8922,1]
[      7536,1]
[      8427,1]
[      1695,1]
[      9681,1]
[      8264,1]
[      8426,1]
[      4411,1]
[      9931,1]
[      4486,1]
[      6584,1]
[      6089,1]
[      6133,1]
[      1458,1]
[      8407,1]
[      4681,1]
[      1438,1]
[      8459,1]
[      6677,1]
[      4444,1]
[      3146,1]
[      9771,1]
[      6034,1]
[      7871,1]
[      6017,1]
[      9474,1]
[      8198,1]
[      8855,1]
[      8404,1]
[      4944,1]
[      5835,1]
[      6564,1]
[      5761,1]
[      5923,1]
[      2953,1]
[      7084,1]
[      9361,1]
[      5464,1]
[      4634,1]
[      5525,1]
[      4472,1]
[      9422,1]
[      8481,1]
[      8805,1]
[      4508,1]
[      9585,1]
[      9909,1]
[      9415,1]
[      6247,1]
[      5343,1]
[      1608,1]
[      5505,1]
[      8629,1]
[      8467,1]
[      9608,1]
[      8393,1]
[      1534,1]
[      9446,1]
[      4061,1]
[      8733,1]
[      9462,1]
[      9055,1]
[      7273,1]
[      4762,1]
[      6706,1]
[      8326,1]
[      4515,1]
[      6586,1]
[      4353,1]
[      1842,1]
[      9805,1]
[      2622,1]
[      8435,1]
[      5122,1]
[      7076,1]
[      2376,1]
[      2989,1]
[      9892,1]
[      7821,1]
[      1451,1]
[      5853,1]
[      7635,1]
[      3738,1]
[      9796,1]
[      6834,1]
[      9468,1]
[      9978,1]
[      8023,1]
[      9365,1]
[      8474,1]
[      4621,1]
[      4437,1]
[      5661,1]
[      1764,1]
[      4645,1]
[      8542,1]
[      2412,1]
[      3754,1]
[      6596,1]
[      4525,1]
[      5254,1]
[      3264,1]
[      3921,1]
[      9618,1]
[      5397,1]
[      1706,1]
[      9473,1]
[      9635,1]
[      1153,1]
[      3999,1]
[      5663,1]
[      9995,1]
[      4756,1]
[      4143,1]
[      7924,1]
[      8424,1]
[      5094,1]
[      2954,1]
[      4574,1]
[      7904,1]
[      9524,1]
[      5465,1]
[      5689,1]
[      6624,1]
[      4185,1]
[      6011,1]
[      6083,1]
[      3121,1]
[      4012,1]
[      9413,1]
[      7961,1]
[      7466,1]
[      9699,1]
[      9336,1]
[      4386,1]
[      9831,1]
[      5455,1]
[      9965,1]
[      4334,1]
[      6116,1]
[      5063,1]
[      5381,1]
[      4652,1]
[      9891,1]
[      9661,1]
[      7841,1]
[      7797,1]
[      9623,1]
[      8732,1]
[      1711,1]
[      4879,1]
[      6705,1]
[      2808,1]
[      6454,1]
[      4339,1]
[      7958,1]
[      9482,1]
[      4243,1]
[      1688,1]
[      9031,1]
[      8915,1]
[      4265,1]
[      9828,1]
[      6704,1]
[      9215,1]
[      5813,1]
[      2163,1]
[      5331,1]
[      4033,1]
[      8381,1]
[      5375,1]
[      9648,1]
[      8144,1]
[      4698,1]
[      9983,1]
[      8641,1]
[      8721,1]
[      1323,1]
[      9686,1]
[      4942,1]
[      8622,1]
[      3265,1]
[      1483,1]
[      8432,1]
[      7497,1]
[      5513,1]
[      1454,1]
[      9074,1]
[      6112,1]
[      8389,1]
[      8884,1]
[      4536,1]
[      9205,1]
[      6037,1]
[      8314,1]
[      5759,1]
[      9494,1]
[      4417,1]
[      6442,1]
[      7784,1]
[      6981,1]
[      4415,1]
[      9041,1]
[      9077,1]
[      6566,1]
[      6686,1]
[      7126,1]
[      6235,1]
[      4453,1]
[      4002,1]
[      9241,1]
[      8414,1]
[      5084,1]
[      1349,1]
[      3464,1]
[      6654,1]
[      5763,1]
[      8105,1]
[      7756,1]
[      8647,1]
[      7918,1]
[      4588,1]
[      9621,1]
[      5724,1]
[      4671,1]
[      8525,1]
[      9416,1]
[      7472,1]
[      6086,1]
[      5317,1]
[      9665,1]
[      3373,1]
[      8936,1]
[      9521,1]
[      7244,1]
[      2965,1]
[      7926,1]
[      1634,1]
[      6445,1]
[      4212,1]
[      7787,1]
[      1426,1]
[      6214,1]
[      5962,1]
[      6691,1]
[      7875,1]
[      1132,1]
[      8153,1]
[      7424,1]
[      5367,1]
[      6915,1]
[      9921,1]
[      2694,1]
[      5862,1]
[      8751,1]
[      9804,1]
[      7625,1]
[      2925,1]
[      9784,1]
[      8604,1]
[      5931,1]
[      4383,1]
[      9466,1]
[      7439,1]
[      5025,9]
[      1215,9]
[      3059,9]
[      1363,9]
[      9934,9]
[      7255,9]
[      5071,9]
[      4881,9]
[      4902,9]
[      1689,9]
[      7693,9]
[      2561,9]
[      1044,9]
[      3193,9]
[      3053,9]
[      7651,9]
[      8019,9]
[      6271,9]
[      6604,9]
[      5144,9]
[      3744,9]
[      6971,9]
[      2497,9]
[      1243,9]
[      6222,9]
[      3043,9]
[      7102,9]
[      2152,9]
[      2903,9]
[      2741,9]
[      3195,9]
[      3953,9]
[      2563,9]
[      3089,9]
[      6419,9]
[      7312,9]
[      7004,9]
[      7462,9]
[      3824,9]
[      7314,9]
[      6874,9]
[      7954,9]
[      2553,9]
[      1406,9]
[      1822,9]
[      1165,9]
[      8931,9]
[      7383,9]
[      6537,9]
[      5628,9]
[      2806,9]
[      1823,9]
[      1328,9]
[      2071,9]
[      9166,9]
[      7771,9]
[      5043,9]
[      2565,9]
[      3066,9]
[      7558,9]
[      1394,9]
[      5251,9]
[      6021,9]
[      8022,9]
[      1611,9]
[      5751,9]
[      7737,9]
[      8103,9]
[      1784,9]
[      4631,9]
[      7604,9]
[      2742,9]
[      5344,9]
[      3562,9]
[      1447,9]
[      5966,9]
[      5345,9]
[      3563,9]
[      8801,9]
[      7315,9]
[      3262,9]
[      9411,9]
[      3941,9]
[      7431,9]
[      3541,9]
[      5121,9]
[      1541,9]
[      8899,9]
[      5406,9]
[      2231,9]
[      6415,9]
[      5912,9]
[      8152,9]
[      2211,9]
[      7681,9]
[      8121,9]
[      5231,9]
[      1531,9]
[      5275,9]
[      2151,9]
[      4708,9]
[      4384,9]
[      1324,9]
[      4781,9]
[      4823,9]
[      4328,9]
[      1566,9]
[      2952,9]
[      2614,9]
[      3181,9]
[      1561,9]
[      6851,9]
[      6681,9]
[      6843,9]
[      2289,9]
[      2012,24]
[      1812,24]
[      1112,24]
[      1064,24]
[      1911,24]
[      3542,24]
[      2406,24]
[      3543,24]
[      2544,24]
[      2515,24]
[      4701,24]
[      4611,24]
[      3111,24]
[      2594,20]
[      3841,20]
[      4814,20]
[      8021,20]
[      8043,20]
[      1703,20]
[      3199,20]
[      1871,20]
[      3513,20]
[      6716,20]
[      2992,20]
[      2993,20]
[      2411,20]
[      3201,20]
[      5281,20]
[      5341,20]
[      3021,20]
[      3572,20]
[      3992,20]
[      2471,6]
[      8016,6]
[      3353,6]
[      5672,6]
[      9731,6]
[      2245,6]
[      1354,6]
[      5508,6]
[      3814,6]
[      2923,6]
[      2266,6]
[      6049,6]
[      5047,6]
[      7775,6]
[      6414,6]
[      6865,6]
[      3903,6]
[      1628,6]
[      7555,6]
[      3702,6]
[      7002,6]
[      6812,6]
[      6464,6]
[      5694,6]
[      1508,6]
[      3087,6]
[      3443,6]
[      7007,6]
[      7546,6]
[      7384,6]
[      5555,6]
[      7696,6]
[      5012,6]
[      1274,6]
[      1362,6]
[      8701,6]
[      8325,6]
[      2102,6]
[      8933,6]
[      4891,6]
[      1272,6]
[      3442,6]
[      3648,6]
[      4825,6]
[      5571,6]
[      6861,6]
[      1622,6]
[      1934,6]
[      2273,6]
[      6871,6]
[      7495,6]
[      1562,6]
[      7751,6]
[      1325,6]
[      3602,6]
[      3891,6]
[      9988,6]
[      3902,6]
[      2821,6]
[      1273,6]
[      5473,6]
[      9752,6]
[      4011,6]
[      1456,6]
[      1921,6]
[      3703,6]
[      6591,6]
[      2162,6]
[      5247,6]
[      7348,6]
[      1551,6]
[      6515,6]
[      2143,6]
[      6842,6]
[      3223,6]
[      5706,6]
[      2181,6]
[      5467,6]
[      7906,6]
[      2685,6]
[      4007,6]
[      8166,6]
[      9642,6]
[      7948,6]
[      8064,6]
[      2904,6]
[      3633,6]
[      7603,6]
[      6217,6]
[      3995,6]
[      9414,6]
[      8376,6]
[      4337,6]
[      8935,6]
[      3445,6]
[      1751,6]
[      7011,6]
[      2061,6]
[      8914,6]
[      1687,6]
[      1759,6]
[      6671,6]
[      1971,6]
[      3132,6]
[      3583,6]
[      9501,6]
[      3612,6]
[      7071,6]
[      8124,6]
[      5044,6]
[      8212,6]
[      6862,6]
[      2352,6]
[      6199,6]
[      2221,6]
[      9781,6]
[      6002,6]
[      3026,6]
[      6703,6]
[      3224,6]
[      3925,6]
[      7822,6]
[      9407,6]
[      3203,6]
[      9251,6]
[      7587,6]
[      5975,6]
[      3849,6]
[      1338,6]
[      7468,6]
[      7796,6]
[      2032,6]
[      2645,6]
[      9363,6]
[      9976,6]
[      2342,6]
[      5466,6]
[      5503,6]
[      7824,6]
[      7211,6]
[      8307,6]
[      9531,6]
[      2331,6]
[      1396,6]
[      9933,6]
[      2912,6]
[      6136,6]
[      2121,6]
[      7605,6]
[      2905,6]
[      1381,6]
[      8401,6]
[      9581,6]
[      8445,6]
[      1046,6]
[      3065,6]
[      1445,6]
[      4206,6]
[      5552,6]
[      2546,6]
[      9611,6]
[      6531,6]
[      5802,6]
[      3525,6]
[      8151,6]
[      6603,6]
[      7332,6]
[      3329,6]
[      5282,6]
[      3297,6]
[      1679,6]
[      5627,6]
[      2133,6]
[      7511,70]
[      1073,67]
[      1509,66]
[      1506,66]
[      6816,66]
[      2512,65]
[      1063,63]
[      3084,62]
[      8017,61]
[      6041,61]
[      1033,59]
[      2628,58]
[      1092,58]
[      1181,49]
[      3584,49]
[      6828,49]
[      6524,49]
[      1021,49]
[      1096,48]
[      1811,48]
[      3063,47]
[      2313,47]
[      1171,47]
[      1082,46]
[      1102,45]
[      5644,45]
[      1114,45]
[      1315,45]
[      5913,17]
[      6521,17]
[      1135,17]
[      9713,17]
[      5041,17]
[      2652,17]
[      7325,17]
[      1334,17]
[      6661,17]
[      3991,17]
[      5061,17]
[      3034,17]
[      1261,17]
[      2291,17]
[      3131,17]
[      7722,17]
[      1852,17]
[      9728,17]
[      6291,17]
[      8601,17]
[      7513,17]
[      6466,17]
[      3438,17]
[      7423,17]
[      2244,17]
[      3911,17]
[      1625,17]
[      5692,17]
[      2961,17]
[      7416,17]
[      7442,17]
[      1851,17]
[      1104,17]
[      1018,182]
[      1078,173]
[      3013,169]
[      1014,168]
[      6211,165]
[      1013,161]
[      1054,160]
[      2514,156]
[      2011,155]
[      9712,150]
[      1015,143]
[      3512,137]
[      4811,133]
[      2511,133]
[      1053,131]
[      5081,12]
[      1797,12]
[      8148,12]
[      5624,12]
[      1022,12]
[      5461,12]
[      2805,12]
[      2636,12]
[      6523,12]
[      8861,12]
[      1967,12]
[      3401,12]
[      8281,12]
[      8071,12]
[      2021,12]
[      1336,12]
[      2024,12]
[      7622,12]
[      4003,12]
[      3551,12]
[      3813,12]
[      3605,12]
[      1412,12]
[      1327,12]
[      5062,12]
[      2321,12]
[      6931,12]
[      8218,12]
[      2612,12]
[      1741,12]
[      4904,12]
[      5056,12]
[      3161,12]
[      3069,12]
[      7711,12]
[      4381,12]
[      7413,12]
[      3732,12]
[      8084,12]
[      3025,12]
[      2402,12]
[      3853,12]
[      3054,12]
[      3134,12]
[      3441,12]
[      1186,12]
[      7451,12]
[      2223,12]
[      5431,12]
[      5691,12]
[      2035,12]
[      3708,12]
[      5046,12]
[      2224,12]
[      8442,12]
[      6822,12]
[      3041,12]
[      3845,12]
[      2496,12]
[      6711,23]
[      8028,23]
[      3581,23]
[      1398,23]
[      3312,23]
[      5222,23]
[      3454,23]
[      7951,23]
[      2041,23]
[      1105,23]
[      1621,23]
[      2665,23]
[      8013,22]
[      3151,22]
[      2554,22]
[      8331,22]
[      5261,22]
[      3832,22]
[      2131,22]
[      3317,22]
[      2616,22]
[      8242,22]
[      1382,22]
[      7461,22]
[      2525,22]
[      8031,22]
[      2596,22]
[      2811,22]
[      2031,22]
[      7333,22]
[      6001,22]
[      1511,87]
[      5612,87]
[      1043,86]
[      2312,84]
[      2611,84]
[      3811,84]
[      3015,84]
[      2595,81]
[      1131,76]
[      9724,76]
[      1091,76]
[      1077,75]
[      7311,73]
[      1097,73]
[      3077,71]
[      1066,71]
[      6511,71]
[      8911,71]
[      6814,31]
[      5617,31]
[      1059,31]
[      8261,31]
[      3067,30]
[      1213,30]
[      1068,30]
[      3032,30]
[      1901,30]
[      5701,29]
[      8913,29]
[      9743,29]
[      1051,29]
[      3081,29]
[      1411,29]
[      1062,29]
[      5018,29]
[      3083,29]
[      6909,3]
[      5709,3]
[      4551,3]
[      2274,3]
[      5013,3]
[      9479,3]
[      5951,3]
[      3774,3]
[      6285,3]
[      4202,3]
[      1647,3]
[      4158,3]
[      5382,3]
[      2971,3]
[      6467,3]
[      5941,3]
[      6903,3]
[      3354,3]
[      6522,3]
[      7909,3]
[      4128,3]
[      1617,3]
[      8374,3]
[      3273,3]
[      5712,3]
[      7783,3]
[      2495,3]
[      8831,3]
[      4772,3]
[      5685,3]
[      9744,3]
[      7467,3]
[      8311,3]
[      5305,3]
[      5756,3]
[      7371,3]
[      6642,3]
[      2165,3]
[      3784,3]
[      8245,3]
[      5328,3]
[      1757,3]
[      7274,3]
[      6707,3]
[      8723,3]
[      5104,3]
[      8502,3]
[      9231,3]
[      5334,3]
[      9151,3]
[      2581,3]
[      1401,3]
[      2254,3]
[      3172,3]
[      7844,3]
[      9991,3]
[      5643,3]
[      9005,3]
[      3252,3]
[      4124,3]
[      9715,3]
[      8211,3]
[      2532,3]
[      3739,3]
[      6088,3]
[      5237,3]
[      7957,3]
[      3898,3]
[      2142,3]
[      5423,3]
[      9036,3]
[      6712,3]
[      6305,3]
[      1968,3]
[      7575,3]
[      8015,3]
[      3227,3]
[      6137,3]
[      8252,3]
[      2064,3]
[      1786,3]
[      4503,3]
[      3205,3]
[      1423,3]
[      6003,3]
[      7271,3]
[      6542,3]
[      8937,3]
[      9261,3]
[      6606,3]
[      2547,3]
[      6102,3]
[      6983,3]
[      8231,3]
[      6611,3]
[      3564,3]
[      6732,3]
[      8338,3]
[      4116,3]
[      5502,3]
[      3225,3]
[      7661,3]
[      9281,3]
[      8219,3]
[      5302,3]
[      6462,3]
[      7966,3]
[      5325,3]
[      6216,3]
[      3381,3]
[      5864,3]
[      3749,3]
[      9733,3]
[      9571,3]
[      7676,3]
[      4101,3]
[      6922,3]
[      1026,3]
[      9271,3]
[      4758,3]
[      5036,3]
[      1472,3]
[      2969,3]
[      5633,3]
[      8919,3]
[      9981,3]
[      9264,3]
[      7664,3]
[      9503,3]
[      1778,3]
[      2551,3]
[      5224,3]
[      8512,3]
[      4615,3]
[      3155,3]
[      5432,3]
[      7214,3]
[      2026,3]
[      3863,3]
[      5807,3]
[      5244,3]
[      7136,3]
[      9469,3]
[      6433,3]
[      4318,3]
[      5704,3]
[      2987,3]
[      1645,3]
[      6988,3]
[      4142,3]
[      7364,3]
[      4196,3]
[      1831,3]
[      5233,3]
[      4909,3]
[      5439,3]
[      3206,3]
[      9624,3]
[      2441,3]
[      3945,3]
[      7688,3]
[      4726,3]
[      8939,3]
[      5491,3]
[      4924,3]
[      2809,3]
[      4157,3]
[      9467,3]
[      6181,3]
[      4851,3]
[      6471,3]
[      5409,3]
[      6882,3]
[      5991,3]
[      9104,3]
[      2804,3]
[      2672,3]
[      4542,3]
[      4041,3]
[      3711,3]
[      4107,3]
[      6923,3]
[      4484,3]
[      3352,3]
[      6241,3]
[      5512,3]
[      7478,3]
[      1321,3]
[      8301,3]
[      5347,3]
[      6571,3]
[      1945,3]
[      2751,3]
[      1435,3]
[      6061,3]
[      6836,3]
[      3712,3]
[      9288,3]
[      8603,3]
[      8075,3]
[      2396,3]
[      1829,3]
[      2715,3]
[      7008,3]
[      1974,3]
[      7242,3]
[      5622,3]
[      7434,3]
[      8438,3]
[      5927,3]
[      7547,3]
[      4286,3]
[      3244,3]
[      2191,3]
[      7615,3]
[      1774,3]
[      9451,3]
[      5264,3]
[      8766,3]
[      9034,3]
[      6028,3]
[      9257,3]
[      5404,3]
[      2104,3]
[      4175,3]
[      1826,3]
[      1319,3]
[      2994,3]
[      2543,3]
[      8278,3]
[      5154,3]
[      3372,3]
[      1696,3]
[      7081,3]
[      2403,3]
[      7642,3]
[      4907,3]
[      8362,3]
[      1341,3]
[      7596,3]
[      5349,3]
[      3271,3]
[      4511,3]
[      1794,3]
[      3204,3]
[      5165,3]
[      5248,3]
[      4401,3]
[      1244,3]
[      9471,3]
[      5253,3]
[      8916,3]
[      1733,3]
[      1636,3]
[      8431,3]
[      4431,3]
[      6051,3]
[      2445,3]
[      5451,3]
[      9628,3]
[      1309,3]
[      1946,3]
[      9902,3]
[      6165,3]
[      7218,3]
[      3176,3]
[      9105,3]
[      9561,3]
[      8337,3]
[      3844,13]
[      6721,13]
[      6532,13]
[      7201,13]
[      8072,13]
[      3534,13]
[      1461,13]
[      5042,13]
[      2719,13]
[      5651,13]
[      1231,13]
[      9725,13]
[      3972,13]
[      3532,13]
[      6225,13]
[      2316,13]
[      5021,13]
[      5961,13]
[      3075,13]
[      7701,13]
[      7552,13]
[      2182,13]
[      7331,13]
[      2631,13]
[      1701,13]
[      3842,13]
[      5462,13]
[      1115,13]
[      1861,13]
[      7207,13]
[      1032,13]
[      1948,13]
[      6824,13]
[      6881,13]
[      2984,13]
[      2627,13]
[      1025,13]
[      1161,13]
[      3828,13]
[      1521,13]
[      1951,13]
[      6825,13]
[      3701,13]
[      1825,13]
[      3371,13]
[      3038,13]
[      3533,13]
[      9721,13]
[      2582,13]
[      6641,13]
[      1175,13]
[      1045,13]
[      1399,13]
[      3313,13]
[      2691,13]
[      2651,13]
[      2013,13]
[      5241,13]
[      9751,13]
[      1421,13]
[      3816,13]
[      2262,13]
[      6717,13]
[      3253,13]
[      2353,16]
[      3523,16]
[      8162,16]
[      5684,16]
[      9405,16]
[      5017,16]
[      3027,16]
[      6231,16]
[      8256,16]
[      6991,16]
[      3741,16]
[      3641,16]
[      3281,16]
[      1185,16]
[      1107,16]
[      2661,16]
[      1976,16]
[      3314,16]
[      3022,16]
[      5235,16]
[      1103,16]
[      1216,16]
[      3825,16]
[      3527,16]
[      2225,16]
[      7101,16]
[      3316,16]
[      5683,16]
[      6662,16]
[      7553,16]
[      8024,16]
[      2242,16]
[      7941,16]
[      2908,16]
[      1981,16]
[      8051,16]
[      6941,5]
[      4051,5]
[      6534,5]
[      5481,5]
[      5845,5]
[      2314,5]
[      7232,5]
[      3047,5]
[      6709,5]
[      9734,5]
[      2713,5]
[      4844,5]
[      2729,5]
[      4513,5]
[      8094,5]
[      3848,5]
[      3116,5]
[      1785,5]
[      6191,5]
[      5932,5]
[      5391,5]
[      2906,5]
[      9765,5]
[      1402,5]
[      7037,5]
[      2635,5]
[      4841,5]
[      3776,5]
[      8752,5]
[      3603,5]
[      6114,5]
[      9076,5]
[      7382,5]
[      6911,5]
[      5741,5]
[      9756,5]
[      2573,5]
[      6551,5]
[      1312,5]
[      2203,5]
[      8171,5]
[      1505,5]
[      6582,5]
[      9417,5]
[      3295,5]
[      6463,5]
[      2592,5]
[      5922,5]
[      5427,5]
[      6994,5]
[      3886,5]
[      2382,5]
[      8223,5]
[      3343,5]
[      7833,5]
[      8111,5]
[      3862,5]
[      3411,5]
[      6535,5]
[      7921,5]
[      1935,5]
[      3555,5]
[      7946,5]
[      4822,5]
[      3362,5]
[      5801,5]
[      7421,5]
[      8925,5]
[      1311,5]
[      7441,5]
[      1383,5]
[      6171,5]
[      5981,5]
[      2921,5]
[      7064,5]
[      1318,5]
[      7448,5]
[      2542,5]
[      1813,5]
[      6645,5]
[      2135,5]
[      2935,5]
[      3826,5]
[      7316,5]
[      5443,5]
[      2275,5]
[      6045,5]
[      7582,5]
[      2343,5]
[      1718,5]
[      6432,5]
[      7161,5]
[      6431,5]
[      5702,5]
[      7322,5]
[      7773,5]
[      9717,5]
[      6361,5]
[      2907,5]
[      1403,5]
[      9766,5]
[      1613,5]
[      1787,5]
[      2678,5]
[      8896,5]
[      5321,5]
[      1792,5]
[      3123,5]
[      5346,5]
[      6163,5]
[      9331,5]
[      7345,5]
[      4336,5]
[      8934,5]
[      8277,5]
[      8411,5]
[      7025,5]
[      7571,5]
[      5049,5]
[      9204,5]
[      9254,5]
[      2724,5]
[      7231,5]
[      4225,5]
[      3334,5]
[      7576,5]
[      7213,5]
[      7826,5]
[      6019,5]
[      1113,5]
[      4744,5]
[      3222,5]
[      2922,5]
[      5705,5]
[      8334,5]
[      2493,5]
[      1437,5]
[      6269,5]
[      9932,5]
[      1221,5]
[      1834,5]
[      7825,5]
[      9901,5]
[      6374,5]
[      7251,5]
[      3765,5]
[      7329,5]
[      3927,5]
[      4043,5]
[      8453,5]
[      3214,5]
[      6833,5]
[      4105,5]
[      4849,5]
[      7317,5]
[      5953,5]
[      2019,5]
[      3764,5]
[      3056,5]
[      7203,5]
[      9861,5]
[      3731,5]
[      4388,5]
[      5161,5]
[      3434,5]
[      7944,5]
[      4251,5]
[      4413,5]
[      8446,5]
[      4387,5]
[      3133,5]
[      1827,5]
[      2394,5]
[      4921,5]
[      5527,5]
[      1963,5]
[      1218,5]
[      3171,5]
[      6545,5]
[      4751,5]
[      7631,5]
[      3115,5]
[      5681,5]
[      3566,5]
[      6745,5]
[      3247,5]
[      8035,5]
[      4133,5]
[      9716,5]
[      2572,5]
[      8244,5]
[      6129,5]
[      6227,5]
[      9321,5]
[      4371,5]
[      7206,5]
[      5993,5]
[      7324,5]
[      3871,5]
[      6544,5]
[      8255,5]
[      4691,5]
[      5131,5]
[      6538,5]
[      7429,5]
[      6901,5]
[      1761,5]
[      3631,5]
[      5371,5]
[      5665,5]
[      5915,5]
[      6644,5]
[      5671,5]
[      7541,5]
[      9936,5]
[      5921,5]
[      1056,44]
[      6221,44]
[      1098,44]
[      1081,43]
[      3981,43]
[      1074,43]
[      7521,43]
[      2202,43]
[      7772,42]
[      6411,42]
[      9401,42]
[      2583,42]
[      2517,40]
[      1058,40]
[      1055,39]
[      3024,39]
[      1052,39]
[      1094,34]
[      2712,34]
[      1087,34]
[      2585,34]
[      3768,34]
[      4331,33]
[      9726,33]
[      1075,33]
[      5223,33]
[      5911,33]
[      7512,32]
[      7811,32]
[      3818,32]
[      1182,32]
[      2521,32]
[      3045,32]
[      7001,28]
[      6301,28]
[      1441,28]
[      3439,28]
[      2991,27]
[      7556,27]
[      6525,27]
[      6512,27]
[      3068,27]
[      1781,27]
[      5616,27]
[      3905,38]
[      5212,38]
[      1093,38]
[      6229,38]
[      3039,37]
[      7607,37]
[      6131,36]
[      2516,36]
[      2518,36]
[      1083,36]
[      1222,36]
[      3621,35]
[      3531,35]
[      9727,35]
[      2803,35]
[      3526,35]
[      1079,35]
[      1187,14]
[      9202,14]
[      1391,14]
[      5654,14]
[      9735,14]
[      2552,14]
[      7471,14]
[      4191,14]
[      6135,14]
[      1432,14]
[      2951,14]
[      3221,14]
[      7731,14]
[      7721,14]
[      1024,14]
[      3446,14]
[      6533,14]
[      1111,14]
[      4131,14]
[      3023,14]
[      4826,14]
[      7443,14]
[      1791,14]
[      7339,14]
[      7514,14]
[      1624,14]
[      3901,14]
[      2625,14]
[      2593,14]
[      5831,14]
[      4824,14]
[      3931,14]
[      5374,14]
[      6541,14]
[      5613,14]
[      2533,14]
[      2722,14]
[      3819,14]
[      3481,14]
[      8302,14]
[      3737,14]
[      1504,14]
[      8441,14]
[      8448,14]
[      5591,14]
[      2641,14]
[      3882,14]
[      1404,14]
[      5301,14]
[      5014,14]
[      8131,14]
[      2711,19]
[      3033,19]
[      9203,19]
[      3112,19]
[      5401,19]
[      4461,19]
[      8102,19]
[      5151,19]
[      6701,19]
[      8321,19]
[      2161,19]
[      2201,19]
[      7522,19]
[      4817,19]
[      3431,19]
[      7241,19]
[      7523,19]
[      4001,19]
[      3723,19]
[      3544,11]
[      1156,11]
[      3433,11]
[      8032,11]
[      7543,11]
[      3074,11]
[      5351,11]
[      8443,11]
[      8141,11]
[      6942,11]
[      2025,11]
[      7641,11]
[      6101,11]
[      5263,11]
[      3192,11]
[      3734,11]
[      3086,11]
[      8531,11]
[      7361,11]
[      3831,11]
[      5384,11]
[      2716,11]
[      5928,11]
[      7415,11]
[      3194,11]
[      2562,11]
[      7902,11]
[      7351,11]
[      1339,11]
[      9746,11]
[      3755,11]
[      1704,11]
[      1771,11]
[      5262,11]
[      4354,11]
[      3585,11]
[      7741,11]
[      8606,11]
[      1023,11]
[      1507,11]
[      4873,11]
[      5216,11]
[      3705,11]
[      3994,11]
[      3052,11]
[      5348,11]
[      2171,11]
[      8041,11]
[      2807,11]
[      4813,11]
[      6161,11]
[      2985,11]
[      2632,11]
[      8921,11]
[      3881,11]
[      4854,11]
[      6841,11]
[      4201,11]
[      1117,11]
[      5688,11]
[      6461,11]
[      3601,11]
[      3645,11]
[      5623,11]
[      1502,11]
[      3573,11]
[      2265,11]
[      1949,11]
[      9406,11]
[      3815,11]
[      2253,11]
[      1191,11]
[      5504,11]
[      5342,11]
[      5402,11]
[      4835,11]
[      5673,2]
[      9732,2]
[      4434,2]
[      9673,2]
[      7396,2]
[      4885,2]
[      2407,2]
[      9761,2]
[      3646,2]
[      6844,2]
[      7823,2]
[      4493,2]
[      1793,2]
[      2684,2]
[      6905,2]
[      9911,2]
[      4471,2]
[      9421,2]
[      6013,2]
[      9515,2]
[      6418,2]
[      9262,2]
[      4696,2]
[      7864,2]
[      7113,2]
[      6673,2]
[      1973,2]
[      7665,2]
[      4856,2]
[      6287,2]
[      8146,2]
[      1738,2]
[      3196,2]
[      7428,2]
[      7761,2]
[      5963,2]
[      4332,2]
[      3892,2]
[      5311,2]
[      3211,2]
[      2977,2]
[      7152,2]
[      1473,2]
[      8444,2]
[      8895,2]
[      6365,2]
[      9489,2]
[      7256,2]
[      1623,2]
[      3405,2]
[      3125,2]
[      9255,2]
[      4882,2]
[      8897,2]
[      5935,2]
[      7104,2]
[      8941,2]
[      4013,2]
[      7588,2]
[      3735,2]
[      4024,2]
[      1351,2]
[      4855,2]
[      5133,2]
[      3962,2]
[      4214,2]
[      5556,2]
[      9615,2]
[      9433,2]
[      1747,2]
[      6286,2]
[      7221,2]
[      4053,2]
[      2295,2]
[      8651,2]
[      3412,2]
[      1657,2]
[      5392,2]
[      9206,2]
[      8315,2]
[      6371,2]
[      5764,2]
[      1947,2]
[      4791,2]
[      9084,2]
[      9903,2]
[      2676,2]
[      9051,2]
[      2481,2]
[      2643,2]
[      1752,2]
[      6702,2]
[      8894,2]
[      8605,2]
[      3042,2]
[      5551,2]
[      1276,2]
[      8503,2]
[      8341,2]
[      8239,2]
[      8734,2]
[      7843,2]
[      9012,2]
[      3344,2]
[      4504,2]
[      8607,2]
[      7103,2]
[      7341,2]
[      2391,2]
[      6351,2]
[      2292,2]
[      9024,2]
[      7931,2]
[      4571,2]
[      2731,2]
[      5855,2]
[      5595,2]
[      5757,2]
[      8763,2]
[      6035,2]
[      4194,2]
[      1188,2]
[      8253,2]
[      4356,2]
[      5152,2]
[      5314,2]
[      4874,2]
[      8351,2]
[      6687,2]
[      6074,2]
[      5507,2]
[      9943,2]
[      4704,2]
[      8106,2]
[      7845,2]
[      4765,2]
[      1641,2]
[      8167,2]
[      4463,2]
[      4625,2]
[      2318,2]
[      1427,2]
[      5324,2]
[      8536,2]
[      2082,2]
[      5368,2]
[      6097,2]
[      9162,2]
[      8433,2]
[      3212,2]
[      9342,2]
[      7678,2]
[      4554,2]
[      4714,2]
[      9953,2]
[      8493,2]
[      6422,2]
[      4307,2]
[      1735,2]
[      4612,2]
[      1606,2]
[      7574,2]
[      5509,2]
[      1783,2]
[      7217,2]
[      9945,2]
[      1766,2]
[      5825,2]
[      4321,2]
[      4527,2]
[      7038,2]
[      5256,2]
[      6446,2]
[      8561,2]
[      3773,2]
[      4664,2]
[      2431,2]
[      8316,2]
[      1746,2]
[      9045,2]
[      3906,2]
[      6255,2]
[      8254,2]
[      1684,2]
[      6223,2]
[      9472,2]
[      6015,2]
[      5575,2]
[      6311,2]
[      1028,2]
[      6267,2]
[      9461,2]
[      3449,2]
[      6617,2]
[      6543,2]
[      3706,2]
[      2158,2]
[      9223,2]
[      4273,2]
[      6714,2]
[      3546,2]
[      6219,2]
[      1841,2]
[      7971,2]
[      3461,2]
[      9753,2]
[      9302,2]
[      6585,2]
[      9269,2]
[      1357,2]
[      7611,2]
[      9682,2]
[      1985,2]
[      7051,2]
[      2911,2]
[      3145,2]
[      5176,2]
[      8506,2]
[      9073,2]
[      4021,2]
[      4535,2]
[      4373,2]
[      6675,2]
[      5333,2]
[      5298,2]
[      5386,2]
[      4908,2]
[      6465,2]
[      7035,2]
[      5424,2]
[      4533,2]
[      4112,2]
[      9964,2]
[      7687,2]
[      6176,2]
[      7562,2]
[      5715,2]
[      5553,2]
[      5308,2]
[      5146,2]
[      4797,2]
[      2726,2]
[      4104,2]
[      7561,2]
[      2322,2]
[      3257,2]
[      4481,2]
[      1768,2]
[      2317,2]
[      8447,2]
[      8373,2]
[      1965,2]
[      1405,2]
[      2235,2]
[      5583,2]
[      6343,2]
[      9088,2]
[      8854,2]
[      3615,2]
[      1471,2]
[      2975,2]
[      5725,2]
[      5563,2]
[      8731,2]
[      3846,2]
[      7905,2]
[      3336,2]
[      1716,2]
[      7572,2]
[      7734,2]
[      9967,2]
[      8713,2]
[      4203,2]
[      6436,2]
[      8551,2]
[      5469,2]
[      9366,2]
[      1674,2]
[      5076,2]
[      7223,2]
[      2435,2]
[      5441,2]
[      5809,2]
[      8491,2]
[      4771,2]
[      3998,2]
[      5361,2]
[      2355,2]
[      9626,2]
[      3947,2]
[      8221,2]
[      7955,2]
[      2103,2]
[      9737,2]
[      5754,2]
[      4875,2]
[      4176,2]
[      2105,2]
[      7623,2]
[      1944,2]
[      6085,2]
[      7667,2]
[      4543,2]
[      7054,2]
[      1753,2]
[      6659,2]
[      9057,2]
[      4269,2]
[      5655,2]
[      2036,2]
[      6413,2]
[      1655,2]
[      5101,2]
[      6605,2]
[      8313,2]
[      5145,2]
[      9685,2]
[      1322,2]
[      5425,2]
[      4564,2]
[      8711,2]
[      3626,2]
[      8843,2]
[      4333,2]
[      6294,2]
[      6005,2]
[      8076,2]
[      1736,2]
[      6029,2]
[      2465,2]
[      6572,2]
[      6077,2]
[      4006,2]
[      7686,2]
[      5453,2]
[      7848,2]
[      6957,2]
[      8621,2]
[      5541,2]
[      4317,2]
[      9364,2]
[      4576,2]
[      5511,2]
[      9679,2]
[      5752,2]
[      9022,2]
[      6629,2]
[      2285,8]
[      1332,8]
[      8191,8]
[      7414,8]
[      3355,8]
[      3202,8]
[      2341,8]
[      8471,8]
[      5175,8]
[      1060,8]
[      7141,8]
[      5026,8]
[      3843,8]
[      3356,8]
[      1446,8]
[      4614,8]
[      2371,8]
[      2251,8]
[      7545,8]
[      4141,8]
[      2172,8]
[      2334,8]
[      4204,8]
[      3076,8]
[      2106,8]
[      4357,8]
[      3961,8]
[      6831,8]
[      6417,8]
[      4931,8]
[      7463,8]
[      3515,8]
[      5721,8]
[      7812,8]
[      6212,8]
[      6663,8]
[      3351,8]
[      3208,8]
[      3046,8]
[      7031,8]
[      3328,8]
[      6562,8]
[      9161,8]
[      2591,8]
[      2681,8]
[      6245,8]
[      1619,8]
[      8042,8]
[      7151,8]
[      7425,8]
[      5126,8]
[      5621,8]
[      5664,8]
[      3761,8]
[      9602,8]
[      5048,8]
[      3402,8]
[      1782,8]
[      3319,8]
[      2761,8]
[      8891,8]
[      2282,8]
[      5656,8]
[      2522,8]
[      3452,8]
[      2723,8]
[      4871,8]
[      7891,8]
[      7602,8]
[      2902,8]
[      3136,8]
[      9163,8]
[      7381,8]
[      7326,8]
[      7903,8]
[      1544,8]
[      1814,8]
[      4837,8]
[      5492,8]
[      1906,8]
[      1721,8]
[      1972,8]
[      9722,8]
[      7475,8]
[      6666,8]
[      7557,8]
[      3847,8]
[      2901,8]
[      2725,8]
[      3088,8]
[      6134,8]
[      9404,8]
[      1448,8]
[      5271,8]
[      2252,8]
[      2771,8]
[      4715,8]
[      5221,8]
[      1775,8]
[      3255,8]
[      7542,8]
[      7901,8]
[      6373,8]
[      8317,8]
[      4531,8]
[      7795,8]
[      3447,8]
[      3896,8]
[      7548,8]
[      3028,8]
[      3361,8]
[      8924,8]
[      8161,8]
[      4623,8]
[      6846,8]
[      6071,8]
[      3332,8]
[      6951,8]
[      5653,8]
[      4311,8]
[      2034,8]
[      6004,8]
[      2461,8]
[      1442,8]
[      7121,8]
[      4816,8]
[      1942,8]
[      6166,8]
[      2541,8]
[      2909,8]
[      1314,8]
[      7606,8]
[      9101,8]
[      4926,8]
[      1145,8]
[      3036,8]
[      2802,8]
[      1106,8]
[      9351,8]
[      1223,8]
[      7496,4]
[      7991,4]
[      7702,4]
[      6075,4]
[      2222,4]
[      6325,4]
[      9449,4]
[      9989,4]
[      6006,4]
[      1713,4]
[      4675,4]
[      3421,4]
[      8085,4]
[      1462,4]
[      7916,4]
[      7742,4]
[      3232,4]
[      4906,4]
[      8308,4]
[      5944,4]
[      5988,4]
[      7814,4]
[      4537,4]
[      5821,4]
[      3274,4]
[      3137,4]
[      4361,4]
[      1702,4]
[      6039,4]
[      9207,4]
[      3835,4]
[      2287,4]
[      2375,4]
[      4102,4]
[      6468,4]
[      1724,4]
[      4641,4]
[      4221,4]
[      3286,4]
[      7884,4]
[      3604,4]
[      6902,4]
[      8026,4]
[      7586,4]
[      9678,4]
[      6598,4]
[      8262,4]
[      7533,4]
[      1443,4]
[      7573,4]
[      5708,4]
[      2215,4]
[      7047,4]
[      4374,4]
[      6651,4]
[      9601,4]
[      4838,4]
[      6953,4]
[      6546,4]
[      2982,4]
[      7621,4]
[      5506,4]
[      6961,4]
[      5737,4]
[      3299,4]
[      9745,4]
[      1789,4]
[      3453,4]
[      2111,4]
[      3291,4]
[      8172,4]
[      2743,4]
[      7346,4]
[      8938,4]
[      2728,4]
[      3256,4]
[      3258,4]
[      6674,4]
[      7491,4]
[      7815,4]
[      3143,4]
[      3231,4]
[      1567,4]
[      6024,4]
[      1731,4]
[      8095,4]
[      3241,4]
[      6832,4]
[      7683,4]
[      3565,4]
[      5954,4]
[      6845,4]
[      4706,4]
[      3261,4]
[      3545,4]
[      3138,4]
[      7981,4]
[      3471,4]
[      8243,4]
[      5642,4]
[      6685,4]
[      7738,4]
[      5581,4]
[      4819,4]
[      2157,4]
[      5015,4]
[      6852,4]
[      8472,4]
[      6602,4]
[      7782,4]
[      9201,4]
[      2721,4]
[      9247,4]
[      3117,4]
[      8356,4]
[      5242,4]
[      8033,4]
[      3775,4]
[      1047,4]
[      4741,4]
[      4903,4]
[      1614,4]
[      5245,4]
[      6215,4]
[      2156,4]
[      4389,4]
[      1966,4]
[      1353,4]
[      7335,4]
[      1744,4]
[      8802,4]
[      2015,4]
[      8304,4]
[      2401,4]
[      3248,4]
[      6416,4]
[      5246,4]
[      3124,4]
[      7021,4]
[      7634,4]
[      1821,4]
[      5674,4]
[      1777,4]
[      9164,4]
[      6815,4]
[      4458,4]
[      5682,4]
[      6573,4]
[      3554,4]
[      3642,4]
[      9843,4]
[      3218,4]
[      6224,4]
[      4707,4]
[      7041,4]
[      3144,4]
[      2957,4]
[      4622,4]
[      9979,4]
[      1616,4]
[      4711,4]
[      4054,4]
[      4861,4]
[      3251,4]
[      1749,4]
[      5731,4]
[      5074,4]
[      9736,4]
[      4335,4]
[      4724,4]
[      5703,4]
[      5995,4]
[      8055,4]
[      4261,4]
[      6043,4]
[      1212,4]
[      8233,4]
[      7881,4]
[      3984,4]
[      6601,4]
[      9291,4]
[      3207,4]
[      1964,4]
[      7061,4]
[      5501,4]
[      2361,4]
[      2974,4]
[      2523,4]
[      7327,4]
[      1648,4]
[      2421,4]
[      8912,4]
[      5614,4]
[      2941,4]
[      4561,4]
[      3959,4]
[      6955,4]
[      6999,4]
[      9035,4]
[      7091,4]
[      1943,4]
[      7666,4]
[      2324,4]
[      3141,4]
[      2851,4]
[      3742,4]
[      2931,4]
[      1633,4]
[      2524,4]
[      9502,4]
[      9791,4]
[      6441,4]
[      2995,4]
[      8267,4]
[      5143,4]
[      7313,4]
[      5531,4]
[      5971,4]
[      6367,4]
[      3404,4]
[      6243,4]
[      3237,4]
[      5824,4]
[      1756,4]
[      3888,4]
[      4661,4]
[      1042,4]
[      8225,4]
[      6281,4]
[      3437,4]
[      1817,4]
[      7873,4]
[      3897,4]
[      9738,4]
[      6658,4]
[      4876,4]
[      1317,4]
[      5753,4]
[      6067,4]
[      4285,4]
[      1862,4]
[      9801,4]
