1011	9535	
1012	8445	
1013	21635	
1014	535	
1015	14875	
1016	10950	
1017	12730	
1018	20495	
1019	18410	
1021	6940	
1022	2650	
1023	4610	
1024	13050	
1025	14880	
1026	515	
1027	435	
1028	565	
1031	5735	
1032	4985	
1033	11255	
1034	14035	
1035	9940	
1036	1545	
1037	135	
1041	30	
1042	15	
1043	50	
1045	115	
1046	30	
1047	35	
1051	13320	
1052	12840	
1053	15780	
1054	17165	
1055	20475	
1056	19390	
1057	17715	
1058	15515	
1059	6355	
1060	10285	
1061	13595	
1062	8390	
1063	12740	
1064	16245	
1065	11115	
1066	17785	
1067	18210	
1068	15745	
1069	25340	
1071	12880	
1072	13840	
1073	13450	
1074	8150	
1075	10600	
1076	10695	
1077	9815	
1078	14920	
1079	14060	
1081	5065	
1082	9815	
1083	6555	
1086	4065	
1087	16910	
1091	16025	
1092	8855	
1093	8940	
1094	12655	
1095	11140	
1096	2910	
1097	13545	
1098	15200	
1101	140	
1102	23135	
1103	13545	
1104	13215	
1105	140	
1106	18315	
1107	11490	
1108	3005	
1109	1490	
1111	13510	
1112	9595	
1113	3555	
1114	85	
1115	4750	
1117	5	
1118	35	
1119	20	
1121	9580	
1127	835	
1131	8905	
1132	13070	
1135	6995	
1141	9625	
1145	270	
1151	2640	
1153	320	
1154	115	
1156	1820	
1161	7605	
1165	2425	
1171	12105	
1175	835	
1181	19425	
1182	3825	
1183	13480	
1184	615	
1185	11045	
1186	13400	
1187	17540	
1188	7350	
1189	485	
1191	8460	
1211	9170	
1212	3310	
1213	6555	
1214	7450	
1215	10210	
1216	8805	
1217	7355	
1218	4125	
1221	8220	
1222	11060	
1223	10895	
1231	8480	
1241	6735	
1243	1245	
1244	1495	
1251	10505	
1252	350	
1261	9310	
1271	7890	
1272	6215	
1273	8730	
1274	6795	
1275	2105	
1276	7360	
1277	2215	
1309	50	
1311	4730	
1312	7140	
1313	4400	
1314	5860	
1315	3555	
1316	4195	
1317	4090	
1318	9645	
1319	5790	
1321	9880	
1323	6365	
1324	10295	
1325	10475	
1326	11525	
1328	10205	
1329	0	
1331	225	
1332	80	
1333	12455	
1334	1610	
1335	12235	
1336	8005	
1338	9845	
1339	11335	
1341	120	
1343	1155	
1349	165	
1351	1990	
1352	1630	
1353	4480	
1354	2870	
1355	2785	
1356	2725	
1357	3390	
1358	575	
1359	1575	
1361	130	
1362	0	
1363	9355	
1381	4970	
1382	9770	
1383	3605	
1391	7520	
1393	1530	
1394	5015	
1396	1370	
1398	3140	
1399	3110	
1401	4910	
1402	9380	
1403	9245	
1404	3275	
1405	2810	
1406	3255	
1411	9780	
1412	7425	
1421	5870	
1422	12870	
1423	5875	
1424	4115	
1426	905	
1427	965	
1428	110	
1431	11925	
1432	9945	
1433	9205	
1435	4005	
1436	505	
1437	60	
1438	175	
1441	13775	
1442	6840	
1443	7085	
1444	6675	
1445	9255	
1446	5145	
1447	12895	
1448	17940	
1451	410	
1452	1795	
1454	405	
1456	1810	
1458	175	
1461	2935	
1462	4605	
1463	600	
1464	755	
1471	785	
1472	690	
1473	825	
1474	3230	
1475	525	
1476	95	
1477	160	
1481	110	
1482	145	
1483	4015	
1484	850	
1485	90	
1486	680	
1487	255	
1488	205	
1489	180	
1501	6205	
1502	8150	
1503	10785	
1504	8215	
1505	6080	
1506	12515	
1507	12310	
1508	4590	
1509	6440	
1511	9185	
1521	11085	
1525	570	
1531	12480	
1534	530	
1536	315	
1541	11150	
1544	8760	
1546	745	
1551	4510	
1561	7985	
1562	9210	
1566	13010	
1567	9835	
1601	7345	
1602	11005	
1606	4360	
1607	1500	
1608	1385	
1609	105	
1611	10355	
1613	8985	
1614	2155	
1616	7880	
1617	1745	
1619	6485	
1621	5500	
1622	7830	
1623	2590	
1624	5355	
1625	9460	
1627	20	
1628	21135	
1631	445	
1633	3535	
1634	425	
1636	1285	
1641	945	
1642	45	
1643	475	
1645	2880	
1646	75	
1647	2520	
1648	3115	
1652	525	
1654	735	
1655	930	
1657	2130	
1658	190	
1661	425	
1662	330	
1663	115	
1671	8590	
1674	1940	
1676	1005	
1678	905	
1679	2335	
1681	260	
1682	190	
1683	200	
1684	465	
1685	465	
1686	120	
1687	5690	
1688	2470	
1689	15700	
1691	665	
1692	30	
1693	7735	
1695	4295	
1696	1490	
1697	835	
1701	8410	
1702	8390	
1703	12530	
1704	7205	
1705	16620	
1706	385	
1711	1615	
1713	5900	
1715	3725	
1716	2265	
1718	3950	
1719	495	
1721	5445	
1722	6115	
1723	5385	
1724	4040	
1731	3405	
1732	750	
1733	3310	
1734	420	
1735	2035	
1736	400	
1738	2525	
1741	12000	
1742	6605	
1744	1850	
1746	1695	
1747	3790	
1749	6175	
1751	2050	
1752	770	
1753	615	
1754	795	
1755	1675	
1756	2395	
1757	750	
1759	2445	
1761	8055	
1764	3735	
1766	2330	
1767	975	
1768	930	
1769	180	
1771	6075	
1773	585	
1774	2100	
1775	3795	
1777	5175	
1778	905	
1779	2390	
1781	8995	
1782	11145	
1783	2970	
1784	9010	
1785	9315	
1786	185	
1787	2125	
1788	12270	
1789	465	
1791	7055	
1792	1350	
1793	390	
1794	1285	
1795	1210	
1796	1295	
1797	995	
1811	4730	
1812	225	
1813	8085	
1814	9365	
1815	7105	
1816	8720	
1817	3505	
1821	1450	
1822	4285	
1823	6725	
1824	7515	
1825	9365	
1826	6535	
1827	10995	
1829	4060	
1831	2565	
1832	235	
1834	6060	
1841	1905	
1842	630	
1843	715	
1844	225	
1846	405	
1847	220	
1851	12370	
1852	10035	
1853	150	
1861	6255	
1862	5915	
1865	440	
1871	4690	
1873	1580	
1901	13830	
1902	8595	
1906	6850	
1911	13290	
1921	4910	
1931	4685	
1934	3790	
1935	2635	
1941	3245	
1942	2335	
1943	4930	
1944	7035	
1945	6590	
1946	4420	
1947	3545	
1948	5990	
1949	2090	
1951	5160	
1961	1020	
1962	7570	
1963	5640	
1964	7165	
1965	6230	
1966	4795	
1967	5255	
1968	345	
1969	1125	
1971	8720	
1972	8095	
1973	5635	
1974	6095	
1975	2310	
1976	300	
1981	1945	
1985	3055	
1991	13580	
1992	2150	
2011	13230	
2012	12595	
2013	8220	
2014	7380	
2015	5490	
2019	145	
2021	9035	
2022	8780	
2023	12750	
2024	8940	
2025	9785	
2026	5620	
2031	1620	
2032	7775	
2033	12305	
2034	10005	
2035	6610	
2036	7630	
2037	8145	
2041	7585	
2042	8150	
2051	4170	
2061	6440	
2063	600	
2064	2790	
2065	340	
2071	6835	
2082	3235	
2101	7225	
2102	5015	
2103	3480	
2104	3835	
2105	3815	
2106	3110	
2111	4360	
2114	2225	
2116	955	
2121	5060	
2131	10495	
2132	11575	
2133	7925	
2134	28410	
2135	14890	
2136	1750	
2141	4495	
2142	1025	
2143	145	
2144	975	
2151	15845	
2152	12290	
2153	3165	
2154	315	
2155	55	
2156	365	
2157	1150	
2158	435	
2159	480	
2161	11855	
2162	7680	
2163	3005	
2165	3515	
2171	9930	
2172	5620	
2181	9035	
2182	12070	
2191	2165	
2201	13375	
2202	7775	
2203	3870	
2204	580	
2211	13900	
2215	15250	
2221	13535	
2222	25	
2223	6310	
2224	9375	
2225	13975	
2231	15165	
2235	5255	
2241	9940	
2242	9050	
2243	2735	
2244	1940	
2245	2050	
2251	11255	
2252	5140	
2253	7910	
2254	845	
2261	4660	
2262	3205	
2263	5750	
2264	8525	
2265	4245	
2266	6335	
2267	375	
2271	7115	
2272	8325	
2273	9665	
2274	11315	
2275	4475	
2281	4610	
2282	10210	
2283	5695	
2284	4440	
2285	8300	
2286	8135	
2287	4110	
2288	1055	
2289	1680	
2291	12240	
2292	3135	
2295	3660	
2311	10980	
2312	14705	
2313	12365	
2314	6135	
2315	8320	
2316	9385	
2317	10975	
2318	3385	
2321	8685	
2322	205	
2323	155	
2324	10005	
2331	11445	
2332	10280	
2333	2280	
2334	2250	
2341	9615	
2342	1830	
2343	11550	
2351	5265	
2352	8270	
2353	13315	
2355	1690	
2361	4640	
2362	210	
2371	7575	
2374	750	
2375	1610	
2376	630	
2377	3910	
2381	5475	
2382	2565	
2391	5640	
2394	5355	
2396	4155	
2401	9425	
2402	13550	
2403	10035	
2404	4640	
2405	7625	
2406	8225	
2407	820	
2408	16070	
2409	50	
2411	17505	
2412	355	
2415	1745	
2421	8790	
2431	1680	
2432	180	
2435	2900	
2441	3855	
2445	1185	
2451	4415	
2461	8810	
2465	1185	
2471	1935	
2481	3590	
2491	300	
2492	12740	
2493	7860	
2495	190	
2496	10775	
2497	10450	
2498	5905	
2511	3965	
2512	13545	
2513	7540	
2514	3160	
2515	11985	
2516	8655	
2517	9815	
2518	10375	
2521	8745	
2522	12165	
2523	5410	
2524	6865	
2525	15495	
2526	13240	
2531	8750	
2532	5260	
2533	7030	
2541	7725	
2542	10065	
2543	6390	
2544	10915	
2545	10940	
2546	5930	
2547	7385	
2548	20790	
2551	10925	
2552	15540	
2553	7470	
2554	1720	
2555	8845	
2561	5530	
2562	10790	
2563	10130	
2564	11235	
2565	11840	
2566	6330	
2571	10070	
2572	9725	
2573	10100	
2574	7160	
2581	3110	
2582	8580	
2583	10735	
2584	6560	
2585	6290	
2586	7740	
2587	7825	
2591	6610	
2592	6445	
2593	8500	
2594	1895	
2595	7620	
2596	7085	
2597	8070	
2611	12680	
2612	9160	
2613	13265	
2614	10830	
2616	105	
2622	8265	
2623	6065	
2624	13690	
2625	13955	
2626	50	
2627	1310	
2628	11375	
2629	275	
2631	15410	
2632	3655	
2635	7715	
2636	4490	
2641	12080	
2642	8090	
2643	2655	
2645	9305	
2651	18160	
2652	10550	
2661	13255	
2662	4500	
2665	11670	
2671	13035	
2672	4355	
2673	2415	
2675	7665	
2676	4350	
2678	12010	
2681	13730	
2684	670	
2685	6015	
2691	13840	
2692	3150	
2693	920	
2694	3120	
2711	3755	
2712	5265	
2713	6075	
2715	5405	
2716	9805	
2717	7480	
2718	9155	
2719	11880	
2721	10480	
2722	6160	
2723	3880	
2724	7270	
2725	5870	
2726	6225	
2727	5335	
2728	8760	
2729	11205	
2731	3375	
2735	75	
2741	10680	
2742	7935	
2743	7040	
2751	3605	
2752	385	
2761	6775	
2771	15310	
2801	7365	
2802	9565	
2803	9370	
2804	12415	
2805	10155	
2806	10180	
2807	11520	
2808	415	
2809	115	
2811	10070	
2821	5055	
2825	1660	
2831	2610	
2841	8375	
2851	4070	
2855	640	
2861	6860	
2865	1565	
2871	11890	
2872	50	
2901	9965	
2902	7930	
2903	8540	
2904	7765	
2905	6440	
2906	5640	
2907	14000	
2908	3195	
2909	3000	
2911	6440	
2912	6700	
2913	560	
2914	7930	
2921	2275	
2922	6855	
2923	6020	
2924	4120	
2925	7025	
2926	2675	
2931	6470	
2935	5640	
2941	7695	
2951	10170	
2952	870	
2953	6000	
2954	2800	
2957	8460	
2959	2480	
2961	825	
2964	4165	
2965	1360	
2967	1640	
2968	110	
2969	2200	
2971	2845	
2973	1100	
2974	1285	
2975	955	
2977	900	
2981	3225	
2982	5900	
2983	8960	
2984	2980	
2985	4700	
2986	8270	
2987	7450	
2988	2870	
2989	795	
2991	12420	
2992	14120	
2993	14365	
2994	6625	
2995	3755	
3011	14430	
3012	5075	
3013	1055	
3014	7765	
3015	2280	
3016	1480	
3021	11810	
3022	9950	
3023	9265	
3024	8580	
3025	7175	
3026	7065	
3027	10385	
3028	7660	
3029	3210	
3031	8220	
3032	6265	
3033	4620	
3034	10875	
3035	6695	
3036	8015	
3037	7670	
3038	7855	
3039	10050	
3041	135	
3042	7540	
3043	7060	
3044	125	
3045	2050	
3046	340	
3047	80	
3051	7725	
3052	6155	
3053	10050	
3054	7760	
3055	7905	
3056	3555	
3059	12305	
3061	15655	
3062	7900	
3063	9425	
3064	1690	
3065	8195	
3066	10315	
3067	20510	
3068	22215	
3069	18875	
3071	18880	
3072	14830	
3073	13665	
3074	11860	
3075	13010	
3076	13575	
3077	17670	
3078	11910	
3079	15750	
3081	12300	
3082	11425	
3083	13050	
3084	2250	
3085	12180	
3086	11630	
3087	1820	
3088	30	
3089	1350	
3111	4585	
3112	11300	
3113	15	
3114	5900	
3115	30	
3116	3040	
3117	9055	
3118	4765	
3119	9645	
3121	3145	
3122	9235	
3123	7245	
3124	8570	
3125	335	
3131	15325	
3132	12750	
3133	885	
3134	6905	
3135	12115	
3136	10250	
3137	13395	
3138	15	
3141	6495	
3142	5455	
3143	2435	
3144	6195	
3145	6385	
3146	5140	
3147	95	
3151	10110	
3155	6505	
3161	8005	
3162	7325	
3171	5960	
3172	1210	
3176	2650	
3181	12380	
3191	9750	
3192	11925	
3193	6245	
3194	6255	
3195	4795	
3197	0	
3198	5	
3201	12650	
3202	7140	
3203	3665	
3204	7485	
3205	8435	
3206	10075	
3207	16005	
3208	6025	
3209	1355	
3211	1670	
3212	490	
3214	5230	
3216	1225	
3218	2495	
3221	5010	
3222	4040	
3223	13470	
3224	8145	
3225	8215	
3227	1170	
3231	3550	
3232	9370	
3233	7385	
3234	535	
3235	6170	
3237	1695	
3238	1855	
3241	6945	
3243	1325	
3244	2365	
3245	7300	
3247	5360	
3248	2150	
3249	1215	
3251	3395	
3252	2155	
3253	5715	
3255	4835	
3256	1130	
3257	2605	
3258	1700	
3261	9625	
3262	9030	
3263	5045	
3264	3845	
3265	1625	
3267	1940	
3271	4330	
3273	2085	
3274	3490	
3281	8720	
3284	3370	
3286	4065	
3291	7820	
3292	445	
3293	450	
3295	8665	
3297	6850	
3299	3235	
3311	15905	
3312	11475	
3313	5375	
3314	16355	
3315	19530	
3316	765	
3317	15025	
3318	5770	
3319	10150	
3328	16090	
3329	2405	
3331	10930	
3332	9740	
3333	7195	
3334	6180	
3335	6620	
3336	75	
3341	7035	
3342	6180	
3343	6775	
3344	9165	
3351	9150	
3352	3420	
3353	5935	
3354	2525	
3355	6100	
3356	5055	
3361	6485	
3362	11390	
3363	6630	
3364	250	
3366	675	
3371	12175	
3372	4535	
3373	1090	
3381	4815	
3401	12310	
3402	9215	
3403	2180	
3404	10350	
3405	3460	
3411	8005	
3412	1120	
3413	315	
3415	1195	
3417	9980	
3421	7975	
3425	835	
3431	7700	
3432	6050	
3433	3530	
3434	8265	
3435	5940	
3436	6415	
3437	13455	
3438	9490	
3439	415	
3441	2165	
3442	4170	
3443	7205	
3444	250	
3445	3870	
3446	8720	
3447	5	
3448	9280	
3449	645	
3451	10450	
3452	13965	
3453	9430	
3454	11800	
3455	405	
3461	3695	
3464	380	
3465	1865	
3466	1675	
3467	735	
3471	3800	
3474	2295	
3481	8220	
3511	8850	
3512	8235	
3513	5840	
3514	7765	
3515	5630	
3521	6065	
3522	9040	
3523	9510	
3524	11620	
3525	6065	
3526	10950	
3527	11650	
3528	10	
3531	11805	
3532	7300	
3533	7975	
3534	1325	
3541	1280	
3542	150	
3543	9035	
3544	19580	
3545	155	
3546	215	
3551	7260	
3552	7195	
3553	7595	
3554	7520	
3555	8525	
3561	9180	
3562	7070	
3563	6900	
3564	10130	
3565	50	
3566	330	
3571	9780	
3572	11715	
3573	3050	
3581	9945	
3582	9015	
3583	6085	
3584	6545	
3585	180	
3601	6925	
3602	3620	
3603	2410	
3604	2480	
3605	5615	
3606	15	
3607	13850	
3608	3340	
3611	565	
3612	1760	
3615	1200	
3621	10685	
3625	205	
3626	690	
3628	3305	
3631	460	
3632	4410	
3633	1775	
3634	515	
3641	11340	
3642	3295	
3643	1590	
3645	8430	
3646	835	
3648	6330	
3651	130	
3652	600	
3653	40	
3701	5900	
3702	3890	
3703	5950	
3704	9095	
3705	9650	
3706	5350	
3707	5915	
3708	5830	
3709	315	
3711	1495	
3712	2355	
3721	7785	
3722	4415	
3723	9725	
3731	6005	
3732	4565	
3734	4195	
3735	1705	
3737	1895	
3738	5015	
3739	1560	
3741	9110	
3742	9595	
3743	4365	
3744	1050	
3749	280	
3751	7105	
3752	12685	
3754	855	
3755	8805	
3761	4765	
3762	8305	
3763	2545	
3764	5215	
3765	5095	
3766	7285	
3768	5900	
3769	6345	
3771	11090	
3772	16975	
3773	3675	
3774	5230	
3775	260	
3776	1575	
3781	10335	
3784	1475	
3785	1205	
3791	2405	
3792	125	
3794	625	
3811	6355	
3812	12290	
3813	15095	
3814	6260	
3815	10240	
3816	10980	
3817	11830	
3818	10130	
3819	510	
3821	160	
3822	8260	
3823	11530	
3824	15240	
3825	12435	
3826	6015	
3828	10590	
3829	4435	
3831	12700	
3832	4900	
3833	6715	
3834	1970	
3835	370	
3836	135	
3841	5885	
3842	6750	
3843	6580	
3844	9505	
3845	9360	
3846	90	
3847	645	
3848	4070	
3849	2885	
3851	10810	
3852	5300	
3853	10080	
3861	7620	
3862	12700	
3863	7905	
3864	3455	
3871	9190	
3881	11430	
3882	12945	
3886	2130	
3888	2880	
3891	4935	
3892	5595	
3893	6585	
3894	2670	
3896	565	
3897	1265	
3898	190	
3899	85	
3901	9210	
3902	10385	
3903	6885	
3904	13445	
3905	14235	
3906	7300	
3907	1980	
3911	14275	
3912	600	
3921	4045	
3922	390	
3925	9520	
3927	4975	
3931	12480	
3941	9850	
3945	3085	
3947	2195	
3951	4575	
3953	1255	
3956	7520	
3958	5365	
3959	1355	
3961	9215	
3962	8725	
3971	7755	
3972	10500	
3981	6650	
3984	5650	
3985	2365	
3989	15	
3991	17470	
3992	6220	
3993	5115	
3994	13645	
3995	2980	
3997	595	
3998	1930	
3999	680	
4001	10505	
4002	2280	
4003	8065	
4004	85	
4005	5555	
4006	3660	
4007	9340	
4011	1570	
4012	1360	
4013	695	
4014	1120	
4016	170	
4017	145	
4021	4240	
4023	655	
4024	1650	
4031	2140	
4032	770	
4033	5775	
4041	5350	
4043	6010	
4051	4765	
4053	1100	
4054	1085	
4061	1670	
4062	135	
4063	400	
4064	990	
4101	7330	
4102	8175	
4103	1460	
4104	75	
4105	10025	
4106	160	
4107	340	
4111	635	
4112	3125	
4115	365	
4116	2690	
4117	500	
4119	410	
4121	1180	
4122	820	
4124	1475	
4126	985	
4128	2670	
4131	4210	
4132	4700	
4133	7230	
4141	5390	
4142	5865	
4143	6715	
4145	1570	
4147	3170	
4151	550	
4152	685	
4153	3455	
4155	305	
4156	905	
4157	560	
4158	2130	
4161	2345	
4163	210	
4171	2645	
4174	995	
4175	2575	
4176	835	
4181	2300	
4182	490	
4184	1180	
4185	595	
4191	10545	
4194	3990	
4196	2130	
4197	1075	
4201	5475	
4202	75	
4203	170	
4204	5320	
4205	9675	
4206	2290	
4207	10745	
4208	680	
4209	1250	
4211	735	
4212	130	
4213	915	
4214	2055	
4221	1445	
4223	1800	
4225	1785	
4231	3825	
4233	2865	
4235	760	
4241	3365	
4243	1020	
4245	1595	
4247	820	
4251	11210	
4254	5430	
4255	3500	
4261	6285	
4264	2610	
4265	1725	
4266	785	
4267	390	
4268	725	
4269	405	
4271	2435	
4273	3880	
4281	2390	
4283	1530	
4284	1730	
4285	4610	
4286	3535	
4287	235	
4288	350	
4301	9305	
4302	1000	
4303	760	
4305	625	
4306	2670	
4307	2305	
4308	345	
4311	3900	
4315	1005	
4316	755	
4317	760	
4318	1365	
4321	990	
4322	1305	
4323	365	
4325	1545	
4326	315	
4327	285	
4328	4220	
4331	6355	
4332	4035	
4333	5380	
4334	3055	
4335	6540	
4336	7185	
4337	8300	
4338	70	
4339	1340	
4341	5345	
4351	1630	
4352	490	
4353	1770	
4354	1070	
4356	2435	
4357	1550	
4361	2670	
4363	1535	
4364	1405	
4365	1465	
4371	3480	
4373	930	
4374	1485	
4381	7235	
4382	8245	
4383	2940	
4384	5555	
4385	5495	
4386	3650	
4387	530	
4388	10315	
4389	515	
4401	6765	
4411	3040	
4413	4400	
4414	1390	
4415	550	
4416	4220	
4417	1685	
4421	9000	
4423	500	
4424	3025	
4431	4635	
4433	710	
4434	945	
4435	615	
4436	690	
4437	375	
4438	565	
4441	1160	
4443	620	
4444	510	
4451	5450	
4453	1990	
4454	1430	
4455	1170	
4456	1705	
4458	1635	
4461	11310	
4462	6805	
4463	6770	
4464	1670	
4465	895	
4471	2255	
4472	1170	
4474	555	
4475	750	
4481	3330	
4482	25	
4484	1820	
4485	445	
4486	1615	
4491	1155	
4493	2065	
4494	325	
4501	4730	
4503	1055	
4504	445	
4505	550	
4506	765	
4507	1490	
4508	545	
4511	4690	
4513	755	
4515	2200	
4521	1565	
4522	200	
4524	2395	
4525	360	
4527	2360	
4528	330	
4529	880	
4531	2510	
4532	6990	
4533	3275	
4535	4790	
4536	3250	
4537	4085	
4538	235	
4539	190	
4541	2370	
4542	2950	
4543	2825	
4551	3955	
4553	2050	
4554	1960	
4561	9595	
4562	1160	
4564	3075	
4565	380	
4566	1135	
4567	2405	
4568	1005	
4569	915	
4571	7860	
4574	935	
4575	245	
4576	2540	
4581	1905	
4583	480	
4584	225	
4585	705	
4586	570	
4587	3135	
4588	360	
4589	310	
4611	8375	
4612	205	
4613	3885	
4614	7050	
4615	5705	
4616	390	
4617	7685	
4621	4580	
4622	465	
4623	3965	
4624	6360	
4625	3205	
4631	9165	
4634	1490	
4635	2100	
4641	5185	
4645	3700	
4651	12450	
4652	295	
4655	725	
4661	12540	
4664	1910	
4671	5595	
4675	2645	
4681	2280	
4691	7775	
4693	1625	
4694	1785	
4695	3510	
4696	1720	
4697	3670	
4698	2710	
4701	5890	
4702	13275	
4703	7100	
4704	95	
4705	330	
4706	11430	
4707	16205	
4708	12630	
4709	1565	
4711	8985	
4714	4955	
4715	4765	
4721	1350	
4722	205	
4724	4795	
4725	1135	
4726	1795	
4727	630	
4731	12400	
4735	1970	
4741	6615	
4744	2255	
4751	7000	
4754	1215	
4756	2260	
4758	2250	
4759	1060	
4761	13395	
4762	730	
4765	1610	
4766	30	
4771	640	
4772	255	
4781	575	
4782	590	
4791	5800	
4793	5570	
4794	965	
4796	295	
4797	3075	
4811	16570	
4812	10820	
4813	7920	
4814	11095	
4815	3665	
4816	4520	
4817	15225	
4818	9175	
4819	3680	
4822	8250	
4823	9250	
4824	9335	
4825	120	
4826	9245	
4827	7475	
4834	11515	
4835	6820	
4836	615	
4837	2145	
4838	1090	
4839	370	
4841	11495	
4844	6230	
4845	2165	
4847	7475	
4849	2370	
4851	4725	
4854	8190	
4855	960	
4856	320	
4858	305	
4859	45	
4861	4060	
4871	16220	
4872	8930	
4873	6075	
4874	2895	
4875	1805	
4876	6345	
4877	40	
4878	10	
4879	190	
4881	7775	
4882	2405	
4884	2955	
4885	1660	
4891	6570	
4901	10455	
4902	8800	
4903	305	
4904	11875	
4905	850	
4906	2850	
4907	10530	
4908	3295	
4909	1280	
4911	1190	
4921	11975	
4924	545	
4926	4065	
4927	1695	
4931	6925	
4941	8780	
4942	3820	
4944	2055	
5011	11335	
5012	4100	
5013	790	
5014	11415	
5015	685	
5017	5350	
5018	3320	
5021	12390	
5022	7790	
5025	12815	
5026	220	
5032	6270	
5035	6980	
5036	7265	
5037	9920	
5038	14230	
5041	9200	
5042	12200	
5043	9750	
5044	7980	
5045	18925	
5046	12180	
5047	140	
5048	40	
5049	7230	
5051	14805	
5052	3665	
5053	1935	
5056	11000	
5057	325	
5059	290	
5061	12110	
5062	5945	
5063	1525	
5066	5860	
5071	7805	
5074	1370	
5076	5500	
5081	8475	
5084	920	
5085	1200	
5087	3600	
5089	820	
5091	5740	
5094	1845	
5095	1710	
5096	750	
5101	3830	
5102	5300	
5103	6765	
5104	5650	
5105	390	
5106	1090	
5107	35	
5109	2330	
5111	5425	
5113	1025	
5114	150	
5121	12540	
5122	4330	
5124	1260	
5125	315	
5126	7615	
5131	4060	
5133	2610	
5141	5835	
5142	9780	
5143	4635	
5144	8875	
5145	105	
5146	2970	
5151	12310	
5152	5790	
5154	1650	
5161	9590	
5165	4925	
5171	13525	
5172	2755	
5175	6135	
5176	550	
5211	12480	
5212	7235	
5213	7840	
5215	5135	
5216	6900	
5221	5815	
5222	125	
5223	11405	
5224	8540	
5231	10545	
5232	775	
5233	8340	
5234	90	
5235	7230	
5236	6560	
5237	9815	
5241	6255	
5242	4535	
5243	2610	
5244	3205	
5245	2840	
5246	6140	
5247	7985	
5248	1390	
5249	370	
5251	11520	
5252	2205	
5253	2150	
5254	2050	
5256	5450	
5258	9705	
5261	6925	
5262	13475	
5263	4595	
5264	115	
5266	745	
5268	4485	
5271	10535	
5272	1730	
5275	4165	
5281	6695	
5282	6510	
5283	12290	
5291	1300	
5292	250	
5293	530	
5294	180	
5296	2175	
5298	4850	
5301	10335	
5302	1695	
5305	1705	
5306	3055	
5307	1015	
5308	2100	
5311	2430	
5313	730	
5314	1675	
5315	630	
5316	340	
5317	1610	
5318	35	
5321	4885	
5324	3520	
5325	1035	
5327	830	
5328	2670	
5331	7305	
5333	265	
5334	1580	
5335	645	
5341	6455	
5342	6310	
5343	5275	
5344	7985	
5345	14225	
5346	7215	
5347	815	
5348	8930	
5349	325	
5351	9720	
5361	8735	
5363	1805	
5364	1100	
5366	1585	
5367	710	
5368	720	
5371	5385	
5373	2880	
5374	7030	
5375	1695	
5381	490	
5382	1505	
5383	400	
5384	12780	
5386	4640	
5388	6065	
5391	3415	
5392	925	
5394	1165	
5395	185	
5396	905	
5397	3025	
5398	1330	
5401	8395	
5402	7830	
5403	9400	
5404	3315	
5405	305	
5406	6350	
5408	3510	
5409	1980	
5411	6560	
5421	12580	
5422	3460	
5423	1875	
5424	1100	
5425	1540	
5427	8410	
5428	1710	
5431	11240	
5432	6395	
5433	405	
5434	1260	
5435	515	
5437	1695	
5438	1195	
5439	270	
5441	2270	
5443	2875	
5445	710	
5446	2860	
5447	1625	
5449	80	
5451	6060	
5453	2220	
5454	1470	
5455	1085	
5461	3995	
5462	2915	
5463	7040	
5464	6080	
5465	1740	
5466	1405	
5467	7845	
5469	6730	
5471	120	
5472	1165	
5473	7915	
5476	1615	
5481	9960	
5482	13580	
5491	10875	
5492	7055	
5501	4330	
5502	5005	
5503	5840	
5504	6275	
5505	3625	
5506	2900	
5507	2180	
5508	10780	
5509	3210	
5511	1295	
5512	2150	
5513	1875	
5521	9805	
5524	1365	
5525	1860	
5527	5305	
5528	2210	
5529	1050	
5531	10415	
5534	885	
5541	8465	
5551	8960	
5552	5970	
5553	1785	
5554	9085	
5555	3210	
5556	1240	
5561	2335	
5563	2080	
5571	10790	
5575	3005	
5581	6500	
5582	4860	
5583	5510	
5591	9700	
5595	4320	
5611	11040	
5612	10055	
5613	6010	
5614	3785	
5615	7375	
5616	12200	
5617	690	
5621	4135	
5622	7905	
5623	10780	
5624	5695	
5625	9965	
5626	4130	
5627	12490	
5628	10235	
5629	9275	
5631	5625	
5632	13265	
5633	135	
5641	7820	
5642	7395	
5643	7490	
5644	8425	
5645	3880	
5646	2380	
5647	55	
5651	2710	
5652	7260	
5653	6685	
5654	9775	
5655	4280	
5656	0	
5657	190	
5658	10070	
5661	1300	
5662	3305	
5663	6185	
5664	4530	
5665	5340	
5666	3785	
5667	4295	
5671	5060	
5672	7070	
5673	6280	
5674	4215	
5681	830	
5682	3580	
5683	6240	
5684	10560	
5685	7525	
5688	12045	
5689	295	
5691	10775	
5692	765	
5694	4805	
5701	14400	
5702	11830	
5703	5510	
5704	9160	
5705	1845	
5706	14145	
5707	9695	
5708	9665	
5709	13380	
5711	7925	
5712	8595	
5715	2175	
5721	13195	
5724	1005	
5725	2360	
5731	10140	
5735	5615	
5737	4215	
5738	1920	
5741	10165	
5751	12200	
5752	1780	
5753	3960	
5754	6410	
5756	1385	
5757	3315	
5758	1825	
5759	880	
5761	5675	
5763	2080	
5764	1195	
5766	550	
5768	6155	
5801	10130	
5802	7490	
5803	8360	
5804	2370	
5807	2330	
5808	1220	
5809	2255	
5811	770	
5812	460	
5813	2255	
5814	535	
5815	1085	
5816	245	
5817	225	
5821	2635	
5823	870	
5824	515	
5825	3890	
5826	410	
5827	675	
5831	12115	
5835	1720	
5836	1620	
5841	1825	
5843	625	
5844	685	
5845	4135	
5846	695	
5851	2120	
5853	2070	
5854	5300	
5855	2435	
5856	1220	
5861	1930	
5862	435	
5863	1110	
5864	1900	
5865	1220	
5866	1225	
5871	1090	
5872	775	
5911	4300	
5912	10010	
5913	9720	
5914	7470	
5915	5555	
5916	2955	
5921	6505	
5922	5685	
5923	3115	
5924	3830	
5925	3970	
5926	2765	
5927	755	
5928	800	
5931	9625	
5932	5655	
5935	3815	
5941	5040	
5943	985	
5944	2525	
5951	5470	
5953	11100	
5954	2415	
5961	12715	
5962	2045	
5963	1890	
5964	1485	
5966	2075	
5971	4790	
5973	1970	
5975	6485	
5976	1170	
5977	275	
5981	7465	
5984	1225	
5985	1705	
5986	2105	
5987	1165	
5988	6190	
5991	6550	
5993	6595	
5995	4275	
6001	7055	
6002	6820	
6003	5105	
6004	9230	
6005	4390	
6006	11200	
6011	1460	
6012	505	
6013	980	
6014	1750	
6015	1305	
6017	2395	
6019	2065	
6021	9150	
6023	2050	
6024	1575	
6026	5275	
6027	1790	
6028	705	
6029	1455	
6031	10110	
6034	1575	
6035	4070	
6037	1205	
6039	5115	
6041	10760	
6042	9385	
6043	11900	
6044	3255	
6045	5715	
6049	7295	
6051	6980	
6061	4050	
6063	2370	
6065	3075	
6067	3650	
6071	8660	
6074	3655	
6075	4265	
6077	3285	
6081	4295	
6082	950	
6083	670	
6085	3840	
6086	3400	
6088	4210	
6089	790	
6091	710	
6092	310	
6093	6490	
6095	2700	
6096	1695	
6097	4425	
6099	1750	
6101	9470	
6102	5130	
6104	1685	
6105	1305	
6107	1640	
6109	820	
6111	625	
6112	820	
6114	8120	
6116	1465	
6118	3325	
6121	6055	
6122	2040	
6123	1165	
6124	750	
6125	1760	
6127	2355	
6129	5615	
6131	4515	
6132	5405	
6133	3835	
6134	2255	
6135	6060	
6136	6910	
6137	8565	
6141	2570	
6142	1320	
6143	1230	
6151	4675	
6153	90	
6155	1995	
6161	4270	
6162	4255	
6163	7960	
6164	5235	
6165	4825	
6166	5340	
6167	15	
6171	10830	
6174	740	
6176	3420	
6181	8690	
6191	12790	
6199	0	
6211	11250	
6212	4425	
6213	4110	
6214	5025	
6215	8725	
6216	7505	
6217	9810	
6218	7340	
6219	1750	
6221	9835	
6222	5365	
6223	2690	
6224	8525	
6225	6705	
6226	7675	
6227	7810	
6228	6935	
6229	6915	
6231	7510	
6235	2785	
6237	345	
6241	5820	
6243	2600	
6245	8795	
6247	3030	
6251	415	
6252	160	
6255	1095	
6261	930	
6262	1005	
6265	1385	
6267	3485	
6268	570	
6269	3760	
6271	3950	
6273	225	
6274	560	
6276	155	
6277	400	
6278	70	
6281	1840	
6285	1080	
6286	1915	
6287	1735	
6289	85	
6291	7340	
6294	1455	
6295	895	
6301	10575	
6305	1465	
6307	330	
6311	775	
6312	170	
6321	2480	
6325	4415	
6333	3285	
6336	4035	
6341	60	
6342	105	
6343	3255	
6351	5250	
6353	45	
6361	6495	
6363	1680	
6365	2745	
6367	8200	
6369	5550	
6371	6185	
6372	10105	
6373	8890	
6374	12275	
6411	7555	
6412	8880	
6413	11605	
6414	7845	
6415	6430	
6416	5600	
6417	6515	
6418	9295	
6419	4360	
6421	15	
6422	75	
6431	10260	
6432	4175	
6433	4885	
6436	2675	
6438	3755	
6439	1080	
6441	7700	
6442	2670	
6443	3955	
6444	6520	
6445	2985	
6446	4815	
6447	1605	
6451	4730	
6454	710	
6456	820	
6461	8220	
6462	7205	
6463	5295	
6464	4275	
6465	2130	
6466	7815	
6467	4865	
6468	285	
6469	645	
6471	5780	
6511	10105	
6512	5605	
6515	6030	
6521	6820	
6522	4495	
6523	7905	
6524	7590	
6525	9615	
6531	10325	
6532	6065	
6533	11230	
6534	3470	
6535	7105	
6536	3470	
6537	9460	
6538	9450	
6541	8135	
6542	7065	
6543	7455	
6544	5860	
6545	5515	
6546	9390	
6551	2470	
6561	5590	
6562	10610	
6564	775	
6566	5885	
6571	1970	
6572	465	
6573	3630	
6574	505	
6575	100	
6576	2375	
6577	165	
6578	1670	
6579	515	
6581	11475	
6582	1575	
6584	3640	
6585	2940	
6586	310	
6587	875	
6591	9310	
6595	2325	
6596	2770	
6598	2065	
6599	810	
6601	10650	
6602	6150	
6603	4200	
6604	4120	
6605	11155	
6606	425	
6611	2555	
6612	780	
6613	700	
6615	135	
6616	860	
6617	1835	
6621	3360	
6624	1450	
6626	1635	
6627	1315	
6628	540	
6629	840	
6631	1605	
6634	660	
6641	12565	
6642	4600	
6644	3635	
6645	2010	
6651	9565	
6652	2485	
6653	1755	
6654	1680	
6655	1210	
6657	2225	
6658	6165	
6659	2495	
6661	12195	
6662	9370	
6663	8505	
6665	4210	
6666	5110	
6668	1435	
6669	4415	
6671	5000	
6672	180	
6673	1650	
6674	3020	
6675	1775	
6676	75	
6677	480	
6678	2330	
6681	12495	
6684	110	
6685	2035	
6686	2720	
6687	2820	
6691	7180	
6701	3665	
6702	2765	
6703	2390	
6704	730	
6705	1230	
6706	4950	
6707	4825	
6708	14060	
6709	3170	
6711	9545	
6712	5065	
6713	10035	
6714	6955	
6715	7040	
6716	8590	
6717	16205	
6718	7480	
6721	14995	
6731	2340	
6732	3540	
6733	2470	
6741	13195	
6744	3485	
6745	445	
6811	5020	
6812	2625	
6813	4540	
6814	6110	
6815	3240	
6816	1980	
6821	5860	
6822	6700	
6823	7020	
6824	9940	
6825	5515	
6826	9200	
6827	290	
6828	11930	
6831	3130	
6832	5040	
6833	6190	
6834	3255	
6835	5060	
6836	12220	
6841	4300	
6842	2240	
6843	11080	
6844	4240	
6845	6305	
6846	9270	
6851	9030	
6852	9380	
6861	5675	
6862	5710	
6865	4910	
6866	3490	
6869	735	
6871	9225	
6874	1655	
6877	115	
6881	7270	
6882	6465	
6883	4175	
6891	1500	
6901	6250	
6902	1235	
6903	6950	
6904	7415	
6905	3005	
6909	1845	
6911	2415	
6913	880	
6914	1005	
6915	3110	
6916	2820	
6917	685	
6921	14645	
6922	7845	
6923	1990	
6924	1070	
6931	7260	
6932	7730	
6941	4750	
6942	11990	
6951	7555	
6952	4470	
6953	2165	
6955	1085	
6956	935	
6957	805	
6961	10050	
6964	830	
6971	8435	
6974	675	
6975	340	
6981	4635	
6982	2355	
6983	4175	
6984	195	
6986	1315	
6987	2820	
6988	1420	
6991	7615	
6994	1085	
6996	1705	
6997	475	
6998	595	
6999	1610	
7001	4140	
7002	6690	
7003	2770	
7004	3950	
7005	365	
7006	10380	
7007	7840	
7008	715	
7009	7200	
7011	5545	
7021	8800	
7025	2315	
7031	6880	
7035	1485	
7036	465	
7037	2225	
7038	2485	
7039	1140	
7041	8215	
7044	360	
7045	765	
7046	85	
7047	1025	
7048	150	
7051	5970	
7054	1090	
7055	1025	
7061	4645	
7064	5645	
7065	925	
7071	10400	
7075	1885	
7076	775	
7077	485	
7078	1050	
7081	4485	
7083	235	
7084	935	
7091	7230	
7095	1020	
7101	12050	
7102	3690	
7103	7875	
7104	1450	
7105	420	
7106	370	
7107	760	
7108	885	
7109	650	
7113	275	
7115	275	
7119	265	
7121	8050	
7122	7675	
7123	1505	
7126	1420	
7131	9995	
7132	2920	
7134	1075	
7135	1380	
7136	2080	
7137	1415	
7141	9320	
7142	475	
7151	7610	
7152	3560	
7156	2840	
7157	1385	
7161	9515	
7165	1060	
7201	5430	
7202	260	
7203	4500	
7204	9910	
7205	2655	
7206	6755	
7207	8555	
7211	4375	
7213	3940	
7214	1850	
7215	390	
7216	275	
7217	1680	
7218	1180	
7221	2345	
7223	1105	
7224	95	
7225	270	
7226	140	
7227	890	
7231	5300	
7232	3475	
7233	325	
7234	655	
7241	8140	
7242	5600	
7244	1785	
7245	4045	
7251	7235	
7255	6705	
7256	1460	
7261	7840	
7263	870	
7271	7880	
7273	720	
7274	1285	
7275	655	
7311	9360	
7312	10845	
7313	2140	
7314	6620	
7315	4770	
7316	6125	
7317	320	
7321	6090	
7322	9785	
7323	10705	
7324	655	
7325	12945	
7326	10110	
7327	5945	
7328	7470	
7329	2795	
7331	11505	
7332	445	
7333	6745	
7334	1985	
7335	6265	
7336	215	
7339	6145	
7341	980	
7345	2135	
7346	225	
7348	105	
7351	1455	
7352	50	
7361	4460	
7364	1220	
7371	3055	
7381	1600	
7382	1435	
7383	2680	
7384	2970	
7391	12175	
7392	460	
7395	685	
7396	2500	
7397	715	
7399	650	
7411	7680	
7412	11750	
7413	7335	
7414	5295	
7415	9915	
7416	3270	
7417	4125	
7418	585	
7419	2380	
7421	5470	
7422	2505	
7423	6430	
7424	4250	
7425	8350	
7426	20	
7427	100	
7428	175	
7429	1015	
7431	4580	
7433	5815	
7434	1450	
7435	425	
7437	5610	
7439	290	
7441	4825	
7442	10725	
7443	9145	
7447	6180	
7448	2155	
7451	9070	
7461	9035	
7462	14285	
7463	5445	
7466	330	
7467	370	
7468	7085	
7471	12130	
7472	45	
7475	7250	
7478	2630	
7481	10590	
7482	10630	
7483	3090	
7491	7380	
7495	1845	
7496	2055	
7497	1580	
7511	9110	
7512	6585	
7513	5370	
7514	4660	
7521	9550	
7522	7130	
7523	12265	
7524	2975	
7525	355	
7531	8370	
7532	5405	
7533	4620	
7534	13050	
7535	3815	
7536	70	
7541	3440	
7542	10615	
7543	6850	
7544	16035	
7545	15580	
7546	8540	
7547	565	
7548	3585	
7551	3955	
7552	10915	
7553	10165	
7554	1465	
7555	9255	
7556	11610	
7557	10525	
7558	12700	
7559	10470	
7561	1865	
7562	225	
7571	2605	
7572	5285	
7573	3665	
7574	3660	
7575	275	
7576	6230	
7577	10170	
7581	7690	
7582	5495	
7585	465	
7586	4145	
7587	3680	
7588	990	
7591	9910	
7595	3020	
7596	2325	
7597	1655	
7601	6835	
7602	5110	
7603	5790	
7604	6685	
7605	3195	
7606	7250	
7607	8815	
7608	11295	
7609	13970	
7610	45	
7611	1490	
7614	275	
7615	1595	
7621	6115	
7622	7890	
7623	6075	
7625	1410	
7626	500	
7627	1805	
7631	4375	
7634	740	
7635	1005	
7636	525	
7637	340	
7638	175	
7641	8490	
7642	6590	
7645	1010	
7651	5815	
7661	925	
7662	205	
7663	365	
7664	625	
7665	3490	
7666	890	
7667	1220	
7668	155	
7671	11375	
7672	2560	
7675	145	
7676	4555	
7678	4315	
7679	1265	
7681	8735	
7683	5850	
7685	1045	
7686	580	
7687	1160	
7688	1435	
7691	3385	
7692	890	
7693	1450	
7694	1495	
7695	1080	
7696	300	
7701	11615	
7702	780	
7705	355	
7707	3835	
7711	8890	
7715	940	
7721	7130	
7722	7060	
7731	11870	
7734	385	
7735	375	
7736	220	
7737	535	
7738	620	
7739	420	
7741	9300	
7742	6425	
7751	3900	
7753	710	
7754	370	
7755	370	
7756	240	
7761	4385	
7764	475	
7765	1680	
7766	1290	
7771	4690	
7772	11125	
7773	3230	
7775	2070	
7776	2990	
7777	1000	
7778	195	
7779	70	
7781	250	
7782	2010	
7783	3115	
7784	535	
7785	45	
7786	205	
7787	190	
7788	170	
7791	640	
7792	115	
7793	410	
7794	285	
7795	135	
7796	285	
7797	640	
7798	355	
7811	4020	
7812	10125	
7813	685	
7814	1710	
7815	6035	
7821	15	
7822	2725	
7823	8315	
7824	7750	
7825	405	
7826	3120	
7827	9675	
7828	2120	
7831	3525	
7833	4880	
7841	2235	
7842	70	
7843	795	
7844	2235	
7845	260	
7846	580	
7847	220	
7848	2170	
7849	380	
7851	400	
7852	185	
7853	180	
7854	1985	
7855	380	
7856	165	
7858	125	
7859	30	
7861	1830	
7863	600	
7864	415	
7871	735	
7872	1250	
7873	1865	
7874	410	
7875	1615	
7876	3440	
7877	115	
7881	7860	
7884	1720	
7885	2080	
7887	4880	
7889	175	
7891	11925	
7892	125	
7894	3035	
7895	805	
7901	2975	
7902	4360	
7903	455	
7904	5140	
7905	4310	
7906	6380	
7907	1990	
7908	11525	
7909	2400	
7910	115	
7911	250	
7912	660	
7913	5035	
7914	1950	
7915	70	
7916	2430	
7917	1340	
7918	1360	
7921	6740	
7924	930	
7925	595	
7926	910	
7927	755	
7928	10	
7929	40	
7931	640	
7932	360	
7933	1580	
7934	585	
7935	75	
7936	775	
7937	65	
7938	885	
7941	6035	
7942	4865	
7943	8440	
7944	9375	
7946	1640	
7948	3760	
7949	125	
7951	10600	
7954	3615	
7955	1215	
7957	2790	
7958	2440	
7961	3870	
7963	3520	
7964	315	
7965	120	
7966	80	
7971	3485	
7973	710	
7974	200	
7975	1435	
7981	2410	
7983	625	
7984	180	
7985	90	
7986	275	
7991	4070	
8011	6820	
8012	7140	
8013	2550	
8014	12780	
8015	3140	
8016	8185	
8017	6960	
8019	2030	
8021	5310	
8022	4820	
8023	5845	
8024	3955	
8025	640	
8026	970	
8028	260	
8031	9955	
8032	9735	
8033	3275	
8034	695	
8035	295	
8041	370	
8042	5315	
8043	21865	
8044	920	
8045	25	
8051	10200	
8052	1625	
8055	575	
8061	6935	
8064	4805	
8066	570	
8071	11660	
8072	7920	
8075	4480	
8076	695	
8077	1990	
8079	235	
8081	11880	
8082	165	
8084	6660	
8085	4140	
8091	12010	
8094	1405	
8095	1270	
8096	5965	
8097	2110	
8101	6075	
8102	6945	
8103	6065	
8105	2220	
8106	1480	
8107	1175	
8111	3575	
8112	1180	
8121	8160	
8124	1145	
8131	7885	
8141	6895	
8144	420	
8146	320	
8147	205	
8148	1350	
8151	1905	
8152	2415	
8153	170	
8154	105	
8161	6455	
8162	8505	
8166	3155	
8167	1595	
8171	7610	
8172	4895	
8181	11565	
8191	6075	
8193	205	
8194	665	
8196	575	
8198	70	
8211	260	
8212	4635	
8218	245	
8219	2540	
8221	10	
8222	170	
8223	5005	
8224	6900	
8225	8195	
8226	9655	
8231	4875	
8232	6815	
8233	650	
8239	175	
8241	1140	
8242	6075	
8243	9525	
8244	4265	
8245	5280	
8251	12610	
8252	6030	
8253	8410	
8254	680	
8255	6490	
8256	6140	
8261	5065	
8262	6085	
8263	695	
8264	2205	
8265	14060	
8266	6590	
8267	625	
8271	11840	
8274	850	
8275	630	
8276	755	
8277	1025	
8278	820	
8281	10235	
8291	20	
8293	180	
8294	170	
8301	2055	
8302	10010	
8303	9665	
8304	3540	
8305	315	
8307	2980	
8308	1910	
8309	2445	
8311	1415	
8312	1650	
8313	1665	
8314	1370	
8315	2300	
8316	3730	
8317	1425	
8319	5	
8321	13950	
8322	5755	
8325	4160	
8326	2430	
8331	10410	
8332	6030	
8333	460	
8334	1895	
8335	205	
8336	85	
8337	185	
8338	840	
8339	165	
8341	1920	
8342	270	
8343	605	
8344	295	
8345	315	
8346	280	
8347	595	
8351	805	
8355	2740	
8356	1360	
8361	70	
8362	15	
8363	165	
8371	505	
8372	40	
8373	330	
8374	950	
8375	2530	
8376	545	
8377	215	
8378	390	
8381	1995	
8382	275	
8383	510	
8384	910	
8385	355	
8386	90	
8387	230	
8388	545	
8389	300	
8391	3705	
8392	885	
8393	205	
8394	415	
8395	1060	
8396	90	
8397	795	
8398	470	
8401	7385	
8403	280	
8404	1075	
8405	445	
8406	1575	
8407	1025	
8408	1360	
8409	745	
8411	3295	
8412	820	
8413	835	
8414	1435	
8415	420	
8421	1515	
8422	280	
8423	1040	
8424	565	
8425	285	
8426	4695	
8427	405	
8428	410	
8431	9905	
8432	610	
8433	3200	
8434	860	
8435	1850	
8437	230	
8438	115	
8439	30	
8441	4445	
8442	5470	
8443	2770	
8444	295	
8445	1560	
8446	7445	
8447	3390	
8448	4275	
8449	275	
8451	1480	
8452	135	
8453	995	
8454	685	
8455	590	
8456	1400	
8457	305	
8458	815	
8459	410	
8461	660	
8462	200	
8463	575	
8464	1265	
8465	1985	
8466	55	
8467	380	
8468	400	
8469	145	
8471	11355	
8472	1260	
8474	1015	
8475	480	
8476	300	
8477	135	
8478	235	
8479	215	
8481	125	
8482	215	
8483	435	
8484	235	
8485	435	
8486	230	
8487	160	
8488	190	
8489	35	
8491	3435	
8493	775	
8494	1085	
8495	1525	
8497	60	
8501	9745	
8502	3275	
8503	50	
8505	70	
8506	575	
8507	250	
8508	400	
8511	260	
8512	195	
8513	370	
8514	80	
8515	80	
8516	95	
8517	800	
8521	3305	
8522	385	
8523	490	
8524	25	
8525	1090	
8526	105	
8527	40	
8528	55	
8529	85	
8531	7915	
8532	2190	
8534	45	
8535	155	
8536	920	
8537	235	
8538	630	
8539	1015	
8541	115	
8542	230	
8551	1405	
8552	25	
8553	105	
8554	65	
8556	745	
8561	3910	
8563	630	
8564	110	
8565	415	
8566	535	
8567	1325	
8571	475	
8572	165	
8573	110	
8574	1055	
8581	345	
8582	260	
8583	55	
8584	595	
8601	3095	
8602	4430	
8603	4440	
8604	5040	
8605	2160	
8606	2880	
8607	6110	
8608	4760	
8611	285	
8612	25	
8613	25	
8614	720	
8615	600	
8616	70	
8617	235	
8618	425	
8621	2265	
8622	630	
8623	295	
8624	375	
8625	1075	
8626	160	
8627	380	
8628	245	
8629	1675	
8631	35	
8632	185	
8633	610	
8635	405	
8636	125	
8637	275	
8641	115	
8642	75	
8644	130	
8647	365	
8651	3095	
8658	70	
8701	8015	
8702	2130	
8711	4395	
8713	895	
8715	950	
8721	815	
8722	365	
8723	2645	
8724	335	
8731	2220	
8732	250	
8733	35	
8734	965	
8735	240	
8736	180	
8737	130	
8741	130	
8742	320	
8743	90	
8744	280	
8745	50	
8746	175	
8747	290	
8748	1735	
8749	570	
8751	165	
8752	25	
8753	85	
8754	3550	
8755	110	
8756	50	
8757	210	
8758	80	
8759	445	
8761	250	
8762	85	
8763	480	
8764	95	
8765	460	
8766	5	
8771	980	
8772	30	
8773	340	
8774	140	
8775	45	
8801	6630	
8802	6150	
8804	1165	
8805	225	
8806	630	
8807	250	
8808	325	
8809	50	
8811	435	
8812	260	
8813	130	
8814	115	
8816	115	
8821	600	
8822	1090	
8823	340	
8831	1055	
8832	110	
8833	25	
8834	185	
8835	465	
8841	120	
8842	470	
8843	285	
8844	45	
8845	85	
8851	1415	
8852	60	
8853	40	
8854	560	
8855	1745	
8856	140	
8857	480	
8861	6435	
8862	8215	
8871	15	
8872	630	
8881	2495	
8882	20	
8883	15	
8884	125	
8885	35	
8891	1015	
8892	20	
8893	110	
8894	215	
8895	150	
8896	480	
8897	140	
8899	1105	
8911	5100	
8912	50	
8913	3740	
8914	515	
8915	5220	
8916	3370	
8917	2845	
8918	6065	
8919	795	
8921	9325	
8922	3225	
8923	3480	
8924	3725	
8925	5545	
8926	5355	
8927	375	
8931	3645	
8932	7140	
8933	4125	
8934	2255	
8935	6565	
8936	795	
8937	960	
8938	90	
8939	5835	
8941	950	
9001	5770	
9003	930	
9004	40	
9005	1680	
9006	35	
9007	90	
9008	1115	
9009	80	
9011	1315	
9012	640	
9013	170	
9014	355	
9021	335	
9022	1170	
9023	335	
9024	580	
9025	135	
9026	145	
9027	310	
9031	410	
9032	85	
9033	965	
9034	1050	
9035	3355	
9036	2660	
9037	85	
9038	390	
9041	2565	
9043	205	
9044	810	
9045	920	
9047	1795	
9051	7605	
9053	170	
9054	405	
9055	990	
9056	450	
9057	340	
9061	2300	
9062	1780	
9063	715	
9064	625	
9067	200	
9071	265	
9072	305	
9073	1445	
9074	2745	
9075	275	
9076	4800	
9077	690	
9078	1000	
9079	1735	
9081	425	
9082	35	
9083	225	
9084	2805	
9085	10	
9086	215	
9087	55	
9088	1195	
9089	585	
9091	225	
9101	8725	
9102	1125	
9103	2735	
9104	5655	
9105	1135	
9106	45	
9107	65	
9108	1190	
9109	265	
9111	480	
9112	685	
9113	995	
9114	980	
9121	130	
9122	55	
9123	915	
9124	45	
9125	200	
9131	820	
9132	575	
9133	1135	
9134	355	
9135	240	
9136	255	
9137	945	
9138	365	
9141	325	
9142	220	
9143	375	
9144	200	
9145	1430	
9146	70	
9147	410	
9148	65	
9151	1585	
9152	40	
9153	230	
9154	80	
9155	220	
9156	120	
9161	1265	
9162	420	
9163	1195	
9164	705	
9166	925	
9171	835	
9172	1805	
9173	90	
9174	90	
9175	145	
9176	80	
9177	70	
9178	205	
9201	8175	
9202	8360	
9203	9185	
9204	7905	
9205	5010	
9206	75	
9207	6375	
9211	255	
9212	1690	
9213	665	
9214	45	
9215	245	
9216	1705	
9217	470	
9218	1665	
9219	310	
9221	1370	
9222	1155	
9223	915	
9231	5855	
9233	1140	
9241	2055	
9243	1910	
9244	3555	
9245	1680	
9246	80	
9247	4865	
9248	830	
9249	1000	
9251	10000	
9254	4815	
9255	1570	
9256	780	
9257	2220	
9258	960	
9261	1595	
9262	1415	
9263	1885	
9264	395	
9265	670	
9269	3530	
9271	5070	
9281	4260	
9283	1325	
9284	1260	
9285	5805	
9286	1095	
9287	1835	
9288	2500	
9289	1755	
9291	5510	
9292	70	
9293	480	
9294	825	
9295	620	
9296	320	
9297	115	
9298	2980	
9299	620	
9301	11300	
9302	3310	
9304	255	
9305	320	
9306	110	
9307	230	
9311	1515	
9312	1045	
9313	155	
9314	220	
9315	370	
9321	5395	
9331	3685	
9333	220	
9334	130	
9335	170	
9336	130	
9337	165	
9341	1325	
9342	825	
9343	210	
9351	10760	
9354	2730	
9355	390	
9356	4455	
9359	25	
9361	315	
9362	315	
9363	5670	
9364	755	
9365	670	
9366	245	
9367	1670	
9401	5710	
9402	8555	
9403	14575	
9404	5945	
9405	5970	
9406	9720	
9407	6875	
9408	9115	
9409	265	
9411	8470	
9412	1295	
9413	1370	
9414	1405	
9415	855	
9416	140	
9417	350	
9418	1045	
9419	415	
9421	3450	
9422	5000	
9423	1325	
9431	4800	
9432	75	
9433	430	
9434	80	
9435	65	
9436	280	
9437	100	
9438	95	
9439	560	
9441	215	
9442	365	
9443	280	
9444	770	
9445	35	
9446	100	
9447	55	
9448	80	
9449	425	
9451	3785	
9452	70	
9453	45	
9454	295	
9455	10	
9456	30	
9457	90	
9458	155	
9459	20	
9461	5095	
9462	1810	
9463	1380	
9464	145	
9465	275	
9466	405	
9467	455	
9468	3560	
9469	580	
9471	6265	
9472	3795	
9473	430	
9474	330	
9475	355	
9479	560	
9481	4145	
9482	1765	
9483	330	
9484	75	
9485	115	
9486	40	
9487	100	
9488	100	
9489	35	
9491	740	
9492	160	
9493	215	
9494	820	
9495	95	
9496	205	
9497	475	
9501	9700	
9502	5770	
9503	4025	
9511	970	
9512	275	
9514	1860	
9515	675	
9521	4905	
9523	545	
9524	425	
9525	280	
9526	80	
9527	100	
9528	820	
9531	4725	
9533	495	
9534	125	
9535	30	
9536	350	
9537	150	
9541	3285	
9545	710	
9551	2380	
9561	8815	
9563	1020	
9564	55	
9566	570	
9571	2375	
9573	365	
9574	105	
9581	7495	
9584	1280	
9585	285	
9591	2770	
9601	6820	
9602	11950	
9603	3060	
9605	880	
9606	1650	
9607	1015	
9608	835	
9609	20	
9611	8105	
9613	335	
9615	1340	
9616	445	
9617	3330	
9618	95	
9619	870	
9621	2220	
9623	210	
9624	55	
9625	535	
9626	1740	
9627	560	
9628	3350	
9629	185	
9631	395	
9632	50	
9633	115	
9635	1890	
9636	3710	
9641	5515	
9642	7880	
9644	1660	
9645	4225	
9646	2410	
9648	5580	
9649	4755	
9651	1670	
9654	410	
9655	130	
9656	155	
9657	110	
9658	430	
9659	235	
9661	1280	
9663	4600	
9665	8080	
9671	4080	
9672	440	
9673	3145	
9674	3120	
9675	7260	
9677	1465	
9678	1480	
9679	5005	
9681	2205	
9682	1495	
9684	2220	
9685	415	
9686	2130	
9687	240	
9688	445	
9691	35	
9693	1395	
9695	3465	
9696	160	
9697	2730	
9698	1260	
9699	965	
9711	9480	
9712	9890	
9713	12520	
9714	6035	
9715	8470	
9716	3750	
9717	6805	
9718	9640	
9721	10935	
9722	7995	
9723	4595	
9724	5155	
9725	6100	
9726	4320	
9727	5420	
9728	11020	
9731	7590	
9732	5435	
9733	3685	
9734	2955	
9735	235	
9736	6490	
9737	6355	
9738	400	
9741	8280	
9742	9605	
9743	11395	
9744	5995	
9745	3335	
9746	6420	
9747	10	
9749	35	
9751	5945	
9752	5215	
9753	5125	
9755	755	
9756	1330	
9761	6725	
9765	3620	
9766	2065	
9771	1125	
9773	110	
9774	660	
9781	8485	
9784	285	
9785	1040	
9791	4755	
9792	840	
9793	110	
9794	90	
9795	370	
9796	195	
9797	590	
9798	505	
9801	7330	
9804	1510	
9805	440	
9811	280	
9812	50	
9821	1215	
9822	1605	
9824	470	
9825	205	
9827	160	
9828	630	
9831	2175	
9832	425	
9833	285	
9841	20	
9842	450	
9843	2820	
9844	225	
9845	340	
9851	615	
9852	205	
9853	475	
9861	3400	
9862	680	
9863	1160	
9864	675	
9865	2420	
9866	965	
9871	165	
9872	165	
9873	825	
9881	330	
9882	230	
9883	1570	
9884	285	
9885	205	
9886	95	
9891	820	
9892	330	
9893	445	
9901	4110	
9902	5845	
9903	2060	
9904	120	
9905	1085	
9906	705	
9907	175	
9908	315	
9909	1420	
9911	210	
9912	255	
9913	115	
9914	555	
9915	790	
9917	525	
9918	585	
9919	2560	
9921	1040	
9922	405	
9923	215	
9924	20	
9925	20	
9931	2010	
9932	4660	
9933	3990	
9934	4980	
9936	1620	
9937	620	
9939	305	
9942	115	
9943	365	
9944	1375	
9945	1815	
9946	1000	
9947	415	
9948	305	
9949	165	
9951	7590	
9953	1820	
9954	105	
9955	220	
9956	490	
9957	45	
9959	635	
9961	200	
9962	95	
9963	275	
9964	755	
9965	1805	
9966	160	
9967	1495	
9968	425	
9969	245	
9971	1370	
9972	60	
9973	240	
9974	1210	
9975	195	
9976	150	
9977	1285	
9978	195	
9979	10	
9981	5520	
9982	3185	
9983	1190	
9984	225	
9985	140	
9986	110	
9987	220	
9988	1460	
9989	2190	
9991	2290	
9992	125	
9993	140	
9994	85	
9995	725	
9996	80	
9997	630	
9998	180	
9999	100	
0003	12011	
0005	10441	
0007	9154	
0009	7452	
0010	25409	
0014	200336	
0015	12123	
0017	18924	
0018	34334	
0022	19478	
0024	10140	
0025	10311	
0034	196932	
0037	32610	
0040	15583	
0047	27695	
0048	16212	
0050	21894	
0053	13774	
0056	18733	
0058	23983	
0059	27983	
0060	3590	
0063	10592	
0070	20328	
0072	15779	
0074	50141	
0079	12835	
0080	107691	
0081	10221	
0085	25617	
0086	29859	
0088	926	
0090	55635	
0093	4827	
0096	1103	
0098	25525	
0106	67165	
0109	35535	
0114	107775	
0118	54860	
0119	32799	
0140	10879	
0141	72291	
0147	21992	
0148	27677	
0150	98540	
0153	158553	
0158	24307	
0160	59577	
0163	35622	
0164	81059	
0166	51432	
0168	22467	
0171	46479	
0173	32120	
0175	17341	
0177	36603	
0180	16421	
0183	21142	
0184	19705	
0189	23874	
0193	123861	
0196	10912	
0197	26904	
0200	158099	
0202	152293	
0203	54703	
0209	25282	
0213	20983	
0214	26117	
0216	27560	
0221	11355	
0222	56484	
0225	18294	
0226	25548	
0228	111575	
0230	22843	
0232	32214	
0233	26190	
0236	26323	
0241	34258	
0243	45776	
0244	11821	
0246	18512	
0252	16383	
0262	33244	
0263	24185	
0267	40870	
0268	170681	
0269	23001	
0273	24377	
0274	31408	
0275	43625	
0277	1509	
0279	9522	
0281	41590	
0285	23913	
0289	37786	
0293	14992	
0294	28977	
0296	40886	
0297	27358	
0299	32265	
0301	46849	
0302	26744	
0303	40363	
0304	12038	
0307	152481	
0308	24406	
0310	42169	
0312	14662	
0313	20647	
0317	8807	
0321	48637	
0327	29062	
0331	14099	
0335	13672	
0339	4976	
0340	19308	
0342	45454	
0344	334176	
0345	63440	
0351	12487	
0352	23222	
0353	34061	
0355	61641	
0356	61264	
0358	31077	
0361	107106	
0362	87162	
0363	821752	
0370	8903	
0373	30005	
0375	40182	
0376	9312	
0377	22256	
0381	32870	
0383	34361	
0384	26666	
0385	29087	
0388	18345	
0392	156645	
0393	5574	
0394	144152	
0396	39138	
0397	26480	
0398	53554	
0399	22553	
0400	56483	
0402	87161	
0405	71880	
0406	41315	
0415	10823	
0416	27287	
0417	10857	
0420	43604	
0424	6249	
0425	17209	
0431	9187	
0432	11301	
0437	13289	
0439	79611	
0441	46137	
0448	13581	
0450	13291	
0451	28731	
0453	67166	
0457	18348	
0473	16692	
0478	6306	
0479	151418	
0482	19845	
0484	107396	
0489	47521	
0498	19294	
0501	16467	
0502	66478	
0503	101030	
0505	118899	
0512	35338	
0513	71105	
0518	514861	
0523	17802	
0530	38882	
0531	29156	
0532	21498	
0534	21101	
0537	63633	
0542	28970	
0545	20568	
0546	121562	
0547	26853	
0553	22539	
0556	32201	
0569	27114	
0575	25604	
0576	16063	
0579	22997	
0584	23702	
0585	28656	
0588	10778	
0589	9924	
0590	32188	
0597	45149	
0599	623652	
0603	48216	
0606	76869	
0610	24758	
0611	12784	
0613	25148	
0614	14083	
0617	8716	
0620	19632	
0622	71645	
0626	25150	
0627	25657	
0629	25731	
0632	50631	
0637	124025	
0638	8114	
0642	44501	
0654	22568	
0664	37153	
0668	18570	
0677	27360	
0678	12545	
0687	47613	
0689	14464	
0703	22058	
0707	13717	
0715	54577	
0716	25440	
0717	21926	
0718	44485	
0733	11079	
0736	42588	
0737	31957	
0738	12922	
0743	16559	
0744	6599	
0748	66320	
0753	28737	
0755	10119	
0756	28342	
0757	30337	
0758	180937	
0762	31765	
0765	12678	
0766	25395	
0770	18347	
0772	223209	
0777	42503	
0779	21574	
0784	26065	
0785	23014	
0786	12840	
0788	13523	
0794	89718	
0796	150889	
0797	43132	
0798	15042	
0809	22960	
0815	10831	
0820	22620	
0823	18079	
0824	25732	
0826	53793	
0828	89799	
0840	22233	
0844	23543	
0845	28395	
0846	17937	
0847	18695	
0848	16344	
0851	23638	
0852	17143	
0855	211648	
0856	41089	
0858	30234	
0860	37754	
0861	44166	
0865	25853	
0866	16874	
0867	46713	
0870	26452	
0873	21644	
0874	14388	
0879	21363	
0880	15740	
0881	7866	
0882	37456	
0888	16214	
0889	13511	
0893	13152	
0899	28656	
0907	17280	
0917	87500	
0928	46524	
0935	122397	
0938	19063	
0944	7762	
0946	16776	
0951	15495	
0957	57005	
0962	12992	
0965	10844	
0971	25134	
0981	9694	
0983	100536	
0984	43202	
0986	12397	
0988	48914	
0994	16618	
0995	76418	
1507	41661	
1509	39558	
1525	35646	
1581	48183	
1586	29533	
1598	22426	
1621	58133	
1640	36244	
1641	23766	
1651	15770	
1652	29513	
1655	29484	
1658	15477	
1659	21913	
1663	10157	
1667	12774	
1669	20699	
1674	76874	
1676	33821	
1680	25203	
1681	25502	
1684	24649	
1685	15290	
1690	23661	
1695	7433	
1696	23176	
1699	31137	
1700	33874	
1701	19085	
1702	11612	
1705	45788	
1706	20542	
1708	43219	
1709	36816	
1711	31947	
1714	23747	
1719	26703	
1721	29729	
1722	8738	
1723	9753	
1724	18209	
1728	19869	
1729	14497	
1730	32570	
1731	33284	
1734	46833	
1735	34917	
1740	22728	
1742	37830	
1771	38879	
1773	17839	
1774	25928	
1783	104302	
1842	18709	
1859	44364	
1876	36726	
1883	93724	
1884	25844	
1891	19059	
1892	40771	
1894	43448	
1895	38420	
1896	22166	
1900	84164	
1901	33208	
1903	24967	
1904	63943	
1908	13612	
1911	47546	
1916	73979	
1921	51213	
1924	48206	
1926	51203	
1927	28993	
1930	85121	
1931	54208	
1955	35150	
1987	12197