1011	1					
1012	1					
1013	1					
1014	2					
1015	1					
1016	1					
1017	1					
1018	1					
1019	1					
1021	1					
1022	2					
1023	2					
1024	1					
1025	1					
1026	5					
1027	5					
1028	5					
1031	1					
1032	1					
1033	2					
1034	2					
1035	2					
1036	2					
1037	5					
1041	5					
1042	5					
1043	3					
1044	5					
1045	5					
1046	5					
1047	5					
1051	1					
1052	1					
1053	1					
1054	1					
1055	1					
1056	1					
1057	1					
1058	1					
1059	1					
1060	1					
1061	1					
1062	1					
1063	1					
1064	1					
1065	1					
1066	1					
1067	1					
1068	1					
1069	1					
1071	1					
1072	1					
1073	1					
1074	1					
1075	1					
1076	1					
1077	1					
1078	1					
1079	1					
1081	2					
1082	1					
1083	1					
1086	3					
1087	2					
1091	1					
1092	1					
1093	1					
1094	1					
1095	1					
1096	1					
1097	1					
1098	1					
1101	3					
1102	1					
1103	1					
1104	1					
1105	4					
1106	2					
1107	2					
1108	2					
1109	5					
1111	2					
1112	1					
1113	3					
1114	4					
1115	2					
1117	5					
1118	5					
1119	5					
1121	3					
1127	5					
1131	2					
1132	3					
1135	3					
1141	4					
1145	5					
1151	5					
1153	5					
1154	5					
1156	5					
1161	4					
1165	4					
1171	2					
1175	4					
1181	1					
1182	3					
1183	2					
1184	4					
1185	2					
1186	2					
1187	3					
1188	2					
1189	5					
1191	4					
1211	1					
1212	2					
1213	2					
1214	1					
1215	1					
1216	2					
1217	2					
1218	4					
1221	1					
1222	2					
1223	1					
1231	4					
1241	4					
1243	5					
1244	5					
1251	3					
1252	4					
1261	4					
1271	2					
1272	3					
1273	2					
1274	2					
1275	2					
1276	2					
1277	3					
1309	5					
1311	2					
1312	2					
1313	3					
1314	2					
1315	2					
1316	3					
1317	3					
1318	2					
1319	4					
1321	2					
1322	4					
1323	2					
1324	2					
1325	3					
1326	2					
1328	2					
1329	4					
1331	5					
1332	5					
1333	2					
1334	2					
1335	2					
1336	3					
1338	2					
1339	2					
1341	5					
1343	5					
1349	5					
1351	3					
1352	2					
1353	2					
1354	2					
1355	3					
1356	3					
1357	3					
1358	5					
1359	4					
1361	5					
1362	4					
1363	4					
1381	2					
1382	2					
1383	3					
1391	4					
1393	5					
1394	5					
1396	5					
1398	5					
1399	5					
1401	1					
1402	1					
1403	2					
1404	1					
1405	2					
1406	2					
1411	4					
1412	2					
1421	2					
1422	3					
1423	3					
1424	5					
1426	5					
1427	4					
1428	5					
1431	4					
1432	4					
1433	4					
1435	5					
1436	4					
1437	5					
1438	5					
1441	1					
1442	1					
1443	1					
1444	2					
1445	2					
1446	3					
1447	2					
1448	2					
1451	5					
1452	5					
1454	5					
1456	5					
1458	5					
1461	4					
1462	5					
1463	5					
1464	5					
1471	5					
1472	5					
1473	5					
1474	5					
1475	5					
1476	5					
1477	5					
1481	5					
1482	5					
1483	4					
1484	5					
1485	5					
1486	5					
1487	5					
1488	5					
1489	5					
1501	1					
1502	1					
1503	2					
1504	2					
1505	2					
1506	1					
1507	2					
1508	2					
1509	4					
1511	4					
1521	2					
1525	5					
1531	2					
1534	5					
1536	5					
1541	2					
1544	3					
1546	5					
1551	5					
1561	2					
1562	2					
1566	4					
1567	2					
1601	3					
1602	3					
1606	5					
1607	5					
1608	5					
1609	5					
1611	3					
1613	3					
1614	4					
1616	4					
1617	5					
1619	5					
1621	2					
1622	3					
1623	2					
1624	2					
1625	2					
1627	5					
1628	2					
1631	5					
1633	4					
1634	5					
1636	5					
1641	5					
1642	5					
1643	5					
1645	5					
1646	5					
1647	5					
1648	4					
1652	5					
1654	5					
1655	5					
1657	5					
1658	5					
1661	5					
1662	5					
1663	5					
1671	4					
1674	5					
1676	5					
1678	5					
1679	5					
1681	5					
1682	5					
1683	5					
1684	5					
1685	5					
1686	5					
1687	4					
1688	5					
1689	3					
1691	5					
1692	5					
1693	4					
1695	2					
1696	5					
1697	5					
1701	3					
1702	2					
1703	2					
1704	4					
1705	2					
1706	5					
1711	5					
1713	4					
1715	4					
1716	4					
1718	5					
1719	5					
1721	4					
1722	4					
1723	3					
1724	4					
1731	5					
1732	5					
1733	5					
1734	5					
1735	5					
1736	5					
1738	5					
1741	3					
1742	4					
1744	5					
1746	5					
1747	5					
1749	5					
1751	5					
1752	5					
1753	5					
1754	5					
1755	5					
1756	5					
1757	5					
1759	5					
1761	4					
1764	5					
1766	5					
1767	5					
1768	5					
1769	5					
1771	4					
1773	5					
1774	5					
1775	5					
1777	4					
1778	5					
1779	5					
1781	2					
1782	2					
1783	3					
1784	2					
1785	3					
1786	5					
1787	4					
1788	3					
1789	5					
1791	4					
1792	5					
1793	5					
1794	5					
1795	5					
1796	5					
1797	5					
1811	1					
1812	4					
1813	2					
1814	1					
1815	1					
1816	2					
1817	2					
1821	1					
1822	3					
1823	1					
1824	2					
1825	2					
1826	2					
1827	2					
1829	3					
1831	3					
1832	5					
1834	4					
1841	5					
1842	5					
1843	5					
1844	5					
1846	5					
1847	5					
1851	3					
1852	3					
1853	3					
1861	4					
1862	4					
1865	5					
1871	5					
1873	5					
1901	3					
1902	2					
1906	4					
1911	3					
1921	4					
1931	4					
1934	5					
1935	5					
1941	1					
1942	1					
1943	1					
1944	1					
1945	1					
1946	1					
1947	1					
1948	3					
1949	5					
1951	4					
1961	1					
1962	2					
1963	3					
1964	2					
1965	1					
1966	1					
1967	3					
1968	5					
1969	3					
1971	2					
1972	1					
1973	1					
1974	2					
1975	2					
1976	3					
1981	4					
1985	4					
1991	2					
1992	3					
2011	1					
2012	1					
2013	1					
2014	1					
2015	2					
2019	1					
2021	1					
2022	1					
2023	1					
2024	1					
2025	1					
2026	2					
2031	2					
2032	1					
2033	1					
2034	1					
2035	1					
2036	1					
2037	1					
2041	3					
2042	2					
2051	2					
2061	3					
2063	5					
2064	5					
2065	5					
2071	2					
2082	3					
2101	2					
2102	2					
2103	3					
2104	4					
2105	3					
2106	2					
2111	4					
2114	5					
2116	5					
2121	4					
2131	2					
2132	2					
2133	2					
2134	2					
2135	2					
2136	5					
2141	4					
2142	5					
2143	5					
2144	4					
2151	2					
2152	3					
2153	4					
2154	5					
2155	5					
2156	5					
2157	5					
2158	5					
2159	5					
2161	2					
2162	3					
2163	3					
2165	3					
2171	2					
2172	2					
2181	2					
2182	3					
2191	5					
2201	2					
2202	3					
2203	2					
2204	5					
2211	3					
2215	3					
2221	2					
2222	3					
2223	2					
2224	2					
2225	2					
2231	2					
2235	3					
2241	2					
2242	2					
2243	5					
2244	5					
2245	5					
2251	2					
2252	3					
2253	2					
2254	3					
2261	2					
2262	1					
2263	2					
2264	1					
2265	2					
2266	3					
2267	3					
2271	2					
2272	1					
2273	1					
2274	1					
2275	2					
2281	1					
2282	1					
2283	1					
2284	1					
2285	1					
2286	1					
2287	1					
2288	2					
2289	3					
2291	2					
2292	2					
2295	4					
2311	1					
2312	1					
2313	1					
2314	1					
2315	1					
2316	1					
2317	2					
2318	2					
2321	1					
2322	5					
2323	3					
2324	1					
2331	2					
2332	1					
2333	2					
2334	2					
2341	2					
2342	4					
2343	2					
2351	3					
2352	1					
2353	2					
2355	5					
2361	4					
2362	5					
2371	4					
2374	5					
2375	5					
2376	5					
2377	4					
2381	4					
2382	3					
2391	5					
2394	4					
2396	4					
2401	2					
2402	1					
2403	2					
2404	2					
2405	1					
2406	2					
2407	5					
2408	2					
2409	5					
2411	3					
2412	4					
2415	5					
2421	4					
2431	5					
2432	5					
2435	5					
2441	5					
2445	5					
2451	4					
2461	5					
2465	5					
2471	5					
2481	5					
2491	3					
2492	3					
2493	3					
2495	3					
2496	2					
2497	2					
2498	3					
2511	1					
2512	1					
2513	1					
2514	1					
2515	1					
2516	1					
2517	1					
2518	1					
2521	1					
2522	1					
2523	1					
2524	1					
2525	1					
2526	1					
2531	1					
2532	1					
2533	1					
2541	1					
2542	1					
2543	1					
2544	1					
2545	1					
2546	1					
2547	1					
2548	2					
2551	1					
2552	1					
2553	1					
2554	2					
2555	1					
2561	1					
2562	1					
2563	1					
2564	1					
2565	1					
2566	1					
2571	1					
2572	1					
2573	1					
2574	1					
2581	1					
2582	1					
2583	1					
2584	1					
2585	1					
2586	1					
2587	1					
2591	1					
2592	1					
2593	1					
2594	1					
2595	1					
2596	2					
2597	3					
2611	1					
2612	1					
2613	1					
2614	1					
2616	3					
2622	2					
2623	2					
2624	1					
2625	1					
2626	3					
2627	1					
2628	1					
2629	4					
2631	2					
2632	2					
2635	2					
2636	5					
2641	3					
2642	3					
2643	3					
2645	3					
2651	3					
2652	3					
2661	3					
2662	3					
2665	4					
2671	2					
2672	2					
2673	3					
2675	4					
2676	5					
2678	4					
2681	3					
2684	3					
2685	4					
2691	3					
2692	2					
2693	3					
2694	3					
2711	1					
2712	1					
2713	1					
2715	1					
2716	1					
2717	2					
2718	2					
2719	2					
2721	2					
2722	1					
2723	1					
2724	1					
2725	2					
2726	1					
2727	1					
2728	2					
2729	2					
2731	4					
2735	5					
2741	3					
2742	2					
2743	3					
2751	5					
2752	5					
2761	4					
2771	4					
2801	1					
2802	2					
2803	2					
2804	2					
2805	1					
2806	1					
2807	3					
2808	2					
2809	4					
2811	4					
2821	5					
2825	5					
2831	4					
2841	4					
2851	5					
2855	5					
2861	4					
2865	5					
2871	3					
2901	2					
2902	2					
2903	1					
2904	2					
2905	2					
2906	2					
2907	2					
2908	2					
2909	3					
2911	3					
2912	2					
2913	4					
2914	2					
2921	3					
2922	2					
2923	2					
2924	2					
2925	2					
2926	3					
2931	4					
2935	5					
2941	4					
2951	2					
2952	4					
2953	3					
2954	2					
2957	4					
2959	5					
2961	4					
2964	5					
2965	5					
2967	5					
2968	5					
2969	5					
2971	5					
2973	5					
2974	5					
2975	5					
2977	5					
2981	2					
2982	2					
2983	3					
2984	2					
2985	2					
2986	2					
2987	2					
2988	5					
2989	4					
2991	3					
2992	2					
2993	2					
2994	3					
2995	5					
3011	1					
3012	1					
3013	1					
3014	1					
3015	1					
3016	1					
3021	1					
3022	1					
3023	1					
3024	1					
3025	1					
3026	1					
3027	1					
3028	1					
3029	1					
3031	1					
3032	1					
3033	1					
3034	1					
3035	1					
3036	1					
3037	1					
3038	1					
3039	1					
3041	2					
3042	2					
3043	2					
3044	2					
3045	4					
3046	5					
3047	4					
3051	1					
3052	1					
3053	2					
3054	2					
3055	2					
3056	4					
3059	3					
3061	1					
3062	1					
3063	1					
3064	3					
3065	2					
3066	1					
3067	1					
3068	1					
3069	1					
3071	1					
3072	1					
3073	1					
3074	1					
3075	1					
3076	1					
3077	2					
3078	1					
3079	1					
3081	1					
3082	1					
3083	1					
3084	2					
3085	1					
3086	1					
3087	2					
3088	4					
3089	5					
3111	1					
3112	1					
3113	1					
3114	2					
3115	4					
3116	1					
3117	1					
3118	1					
3119	1					
3121	2					
3122	1					
3123	1					
3124	2					
3125	3					
3131	1					
3132	2					
3133	2					
3134	1					
3135	1					
3136	1					
3137	2					
3138	3					
3141	2					
3142	2					
3143	2					
3144	2					
3145	2					
3146	3					
3147	2					
3151	3					
3155	4					
3161	4					
3162	3					
3171	3					
3172	4					
3176	4					
3181	3					
3191	2					
3192	2					
3193	2					
3194	2					
3195	4					
3196	5					
3197	5					
3201	1					
3202	2					
3203	1					
3204	1					
3205	2					
3206	2					
3207	2					
3208	2					
3209	4					
3211	5					
3212	5					
3214	4					
3216	5					
3218	5					
3221	3					
3222	3					
3223	3					
3224	2					
3225	2					
3227	5					
3231	4					
3232	3					
3233	4					
3234	5					
3235	4					
3237	5					
3238	5					
3241	3					
3243	5					
3244	5					
3245	3					
3247	4					
3248	5					
3249	5					
3251	5					
3252	5					
3253	5					
3255	4					
3256	5					
3257	5					
3258	5					
3261	3					
3262	2					
3263	3					
3264	5					
3265	5					
3267	5					
3271	5					
3273	5					
3274	5					
3281	4					
3284	5					
3286	5					
3291	4					
3292	5					
3293	5					
3295	4					
3297	4					
3299	5					
3311	1					
3312	1					
3313	3					
3314	1					
3315	2					
3316	5					
3317	1					
3318	2					
3319	3					
3328	2					
3329	4					
3331	1					
3332	1					
3333	2					
3334	2					
3335	3					
3336	3					
3341	3					
3342	3					
3343	2					
3344	2					
3351	2					
3352	3					
3353	2					
3354	2					
3355	2					
3356	4					
3361	2					
3362	2					
3363	3					
3364	4					
3366	5					
3371	3					
3372	4					
3373	4					
3381	5					
3401	2					
3402	2					
3403	3					
3404	2					
3405	5					
3411	5					
3412	5					
3413	5					
3415	5					
3417	4					
3421	4					
3425	5					
3431	1					
3432	2					
3433	3					
3434	3					
3435	2					
3436	2					
3437	2					
3438	2					
3439	4					
3441	2					
3442	2					
3443	2					
3444	4					
3445	3					
3446	3					
3447	4					
3448	3					
3449	2					
3451	3					
3452	2					
3453	3					
3454	3					
3455	5					
3461	5					
3464	5					
3465	5					
3466	5					
3467	5					
3471	5					
3474	5					
3481	4					
3511	1					
3512	1					
3513	1					
3514	1					
3515	1					
3521	1					
3522	1					
3523	1					
3524	2					
3525	1					
3526	1					
3527	1					
3528	4					
3531	1					
3532	1					
3533	1					
3534	2					
3541	3					
3542	4					
3543	3					
3544	2					
3545	4					
3546	5					
3551	1					
3552	1					
3553	1					
3554	1					
3555	2					
3561	1					
3562	1					
3563	1					
3564	1					
3565	3					
3566	3					
3571	1					
3572	1					
3573	3					
3581	1					
3582	1					
3583	1					
3584	3					
3585	4					
3601	3					
3602	3					
3603	2					
3604	3					
3605	2					
3606	3					
3607	2					
3608	3					
3611	4					
3612	5					
3615	5					
3621	4					
3625	5					
3626	5					
3628	5					
3631	5					
3632	4					
3633	5					
3634	5					
3641	3					
3642	3					
3643	4					
3645	4					
3646	5					
3648	4					
3651	5					
3652	5					
3653	5					
3701	2					
3702	1					
3703	2					
3704	2					
3705	2					
3706	3					
3707	2					
3708	4					
3709	5					
3711	5					
3712	5					
3721	2					
3722	3					
3723	3					
3731	2					
3732	3					
3734	4					
3735	5					
3737	5					
3738	4					
3739	5					
3741	3					
3742	2					
3743	2					
3744	5					
3749	5					
3751	3					
3752	3					
3754	5					
3755	4					
3761	3					
3762	2					
3763	3					
3764	3					
3765	2					
3766	2					
3768	4					
3769	4					
3771	3					
3772	3					
3773	4					
3774	5					
3775	5					
3776	5					
3781	4					
3784	5					
3785	5					
3791	5					
3792	5					
3794	5					
3811	1					
3812	2					
3813	2					
3814	1					
3815	2					
3816	2					
3817	2					
3818	2					
3819	4					
3821	3					
3822	2					
3823	2					
3824	2					
3825	2					
3826	3					
3828	2					
3829	4					
3831	3					
3832	4					
3833	3					
3834	3					
3835	5					
3836	5					
3841	2					
3842	2					
3843	3					
3844	3					
3845	3					
3846	4					
3847	4					
3848	3					
3849	5					
3851	3					
3852	4					
3853	4					
3861	3					
3862	3					
3863	4					
3864	5					
3871	4					
3881	4					
3882	4					
3886	5					
3888	5					
3891	3					
3892	4					
3893	4					
3894	4					
3896	5					
3897	5					
3898	5					
3899	5					
3901	1					
3902	2					
3903	3					
3904	2					
3905	2					
3906	3					
3907	4					
3911	4					
3912	3					
3921	5					
3922	5					
3925	4					
3927	5					
3931	4					
3941	4					
3945	5					
3947	5					
3951	5					
3953	5					
3956	4					
3958	4					
3959	5					
3961	3					
3962	3					
3971	4					
3972	3					
3981	4					
3984	4					
3985	5					
3989	5					
3991	3					
3992	3					
3993	3					
3994	3					
3995	2					
3997	5					
3998	5					
3999	5					
4001	2					
4002	3					
4003	3					
4004	5					
4005	3					
4006	3					
4007	4					
4011	5					
4012	5					
4013	5					
4014	5					
4016	5					
4017	5					
4021	5					
4023	5					
4024	5					
4031	5					
4032	5					
4033	5					
4041	5					
4043	5					
4051	5					
4053	5					
4054	5					
4061	5					
4062	5					
4063	5					
4064	5					
4101	2					
4102	3					
4103	3					
4104	4					
4105	3					
4106	5					
4107	5					
4111	5					
4112	5					
4115	5					
4116	5					
4117	5					
4119	5					
4121	5					
4122	5					
4124	5					
4126	5					
4128	5					
4131	4					
4132	3					
4133	4					
4141	2					
4142	3					
4143	3					
4145	5					
4147	5					
4151	5					
4152	5					
4153	5					
4155	5					
4156	5					
4157	5					
4158	5					
4161	5					
4163	5					
4171	5					
4174	5					
4175	5					
4176	5					
4181	5					
4182	5					
4184	5					
4185	5					
4191	4					
4194	4					
4196	5					
4197	5					
4201	2					
4202	4					
4203	2					
4204	2					
4205	2					
4206	2					
4207	3					
4208	4					
4209	5					
4211	5					
4212	5					
4213	5					
4214	5					
4221	5					
4223	5					
4225	5					
4231	5					
4233	5					
4235	5					
4241	5					
4243	5					
4245	5					
4247	5					
4251	4					
4254	4					
4255	5					
4261	4					
4264	5					
4265	5					
4266	5					
4267	5					
4268	5					
4269	5					
4271	5					
4273	5					
4281	5					
4283	5					
4284	5					
4285	5					
4286	5					
4287	5					
4288	5					
4301	3					
4302	4					
4303	5					
4305	5					
4306	5					
4307	5					
4308	5					
4311	5					
4315	5					
4316	5					
4317	5					
4318	5					
4321	5					
4322	5					
4323	5					
4325	5					
4326	5					
4327	5					
4328	5					
4331	1					
4332	2					
4333	3					
4334	3					
4335	2					
4336	2					
4337	2					
4338	5					
4339	5					
4341	4					
4351	5					
4352	5					
4353	5					
4354	5					
4356	5					
4357	5					
4361	5					
4363	5					
4364	5					
4365	5					
4371	5					
4373	5					
4374	5					
4381	2					
4382	2					
4383	2					
4384	3					
4385	2					
4386	3					
4387	4					
4388	3					
4389	5					
4401	4					
4411	5					
4413	5					
4414	5					
4415	5					
4416	5					
4417	5					
4421	4					
4423	5					
4424	5					
4431	5					
4433	5					
4434	5					
4435	5					
4436	5					
4437	5					
4438	5					
4441	5					
4443	5					
4444	5					
4451	4					
4453	5					
4454	5					
4455	5					
4456	5					
4458	5					
4461	2					
4462	3					
4463	3					
4464	4					
4465	5					
4471	5					
4472	5					
4474	5					
4475	5					
4481	3					
4482	5					
4484	5					
4485	5					
4486	5					
4491	5					
4493	5					
4494	5					
4501	4					
4503	5					
4504	5					
4505	5					
4506	5					
4507	5					
4508	5					
4511	4					
4513	5					
4515	5					
4521	5					
4522	5					
4524	5					
4525	5					
4527	5					
4528	5					
4529	5					
4531	3					
4532	2					
4533	4					
4535	4					
4536	3					
4537	3					
4538	4					
4539	5					
4541	5					
4542	5					
4543	5					
4551	5					
4553	5					
4554	5					
4561	4					
4562	5					
4564	5					
4565	5					
4566	5					
4567	5					
4568	5					
4569	5					
4571	4					
4574	5					
4575	5					
4576	5					
4581	5					
4583	5					
4584	5					
4585	5					
4586	5					
4587	5					
4588	5					
4589	5					
4611	1					
4612	4					
4613	2					
4614	3					
4615	2					
4616	2					
4617	3					
4621	1					
4622	2					
4623	2					
4624	2					
4625	4					
4631	4					
4634	5					
4635	5					
4641	5					
4645	4					
4651	4					
4652	4					
4655	5					
4661	4					
4664	5					
4671	4					
4675	5					
4681	5					
4691	4					
4693	5					
4694	5					
4695	5					
4696	5					
4697	5					
4698	5					
4701	1					
4702	2					
4703	2					
4704	5					
4705	4					
4706	3					
4707	2					
4708	3					
4709	5					
4711	4					
4714	4					
4715	5					
4721	5					
4722	5					
4724	4					
4725	5					
4726	5					
4727	5					
4731	4					
4735	5					
4741	4					
4744	5					
4751	4					
4754	5					
4756	5					
4758	5					
4759	5					
4761	3					
4762	4					
4765	5					
4766	5					
4771	5					
4772	5					
4781	5					
4782	5					
4791	4					
4793	4					
4794	5					
4796	5					
4797	5					
4811	1					
4812	1					
4813	2					
4814	1					
4815	2					
4816	2					
4817	2					
4818	1					
4819	1					
4822	3					
4823	3					
4824	3					
4825	4					
4826	2					
4827	2					
4834	2					
4835	2					
4836	5					
4837	2					
4838	5					
4839	5					
4841	3					
4844	4					
4845	5					
4847	4					
4849	5					
4851	4					
4854	4					
4855	5					
4856	5					
4858	5					
4859	5					
4861	5					
4871	2					
4872	2					
4873	3					
4874	3					
4875	2					
4876	3					
4877	5					
4878	5					
4879	4					
4881	4					
4882	5					
4884	5					
4885	5					
4891	5					
4901	2					
4902	2					
4903	5					
4904	3					
4905	3					
4906	4					
4907	2					
4908	3					
4909	5					
4911	5					
4921	3					
4924	5					
4926	5					
4927	5					
4931	3					
4941	3					
4942	3					
4944	5					
5011	1					
5012	2					
5013	2					
5014	1					
5015	4					
5017	1					
5018	2					
5021	1					
5022	2					
5025	1					
5026	3					
5032	3					
5035	3					
5036	4					
5037	1					
5038	1					
5041	1					
5042	1					
5043	2					
5044	2					
5045	2					
5046	1					
5047	4					
5048	4					
5049	2					
5051	3					
5052	3					
5053	4					
5056	4					
5057	4					
5059	5					
5061	3					
5062	4					
5063	4					
5066	4					
5071	4					
5074	5					
5076	5					
5081	4					
5084	5					
5085	5					
5087	5					
5089	5					
5091	5					
5094	5					
5095	5					
5096	5					
5101	3					
5102	3					
5103	3					
5104	3					
5105	5					
5106	5					
5107	5					
5109	5					
5111	5					
5113	5					
5114	5					
5121	3					
5122	3					
5124	5					
5125	5					
5126	4					
5131	5					
5133	5					
5141	3					
5142	2					
5143	3					
5144	2					
5145	5					
5146	4					
5151	3					
5152	3					
5154	5					
5161	4					
5165	5					
5171	3					
5172	3					
5175	4					
5176	5					
5211	1					
5212	1					
5213	1					
5215	1					
5216	2					
5221	5					
5222	4					
5223	2					
5224	2					
5231	2					
5232	3					
5233	2					
5234	3					
5235	2					
5236	4					
5237	3					
5241	3					
5242	3					
5243	3					
5244	4					
5245	4					
5246	3					
5247	3					
5248	5					
5249	5					
5251	4					
5252	3					
5253	5					
5254	5					
5256	5					
5258	4					
5261	3					
5262	3					
5263	4					
5264	5					
5266	5					
5268	5					
5271	4					
5272	4					
5275	4					
5281	3					
5282	3					
5283	3					
5291	5					
5292	5					
5293	5					
5294	5					
5296	5					
5298	5					
5301	3					
5302	4					
5305	5					
5306	5					
5307	5					
5308	5					
5311	5					
5313	5					
5314	5					
5315	5					
5316	5					
5317	5					
5318	5					
5321	4					
5324	5					
5325	5					
5327	5					
5328	5					
5331	4					
5333	5					
5334	5					
5335	5					
5341	1					
5342	3					
5343	3					
5344	2					
5345	2					
5346	2					
5347	4					
5348	2					
5349	4					
5351	4					
5361	4					
5363	5					
5364	5					
5366	5					
5367	5					
5368	5					
5371	5					
5373	5					
5374	4					
5375	5					
5381	5					
5382	5					
5383	5					
5384	4					
5386	5					
5388	4					
5391	5					
5392	5					
5394	5					
5395	5					
5396	5					
5397	5					
5398	5					
5401	2					
5402	2					
5403	3					
5404	2					
5405	4					
5406	4					
5408	5					
5409	5					
5411	5					
5421	3					
5422	4					
5423	5					
5424	5					
5425	5					
5427	4					
5428	5					
5431	4					
5432	3					
5433	5					
5434	5					
5435	5					
5437	5					
5438	5					
5439	5					
5441	5					
5443	5					
5445	5					
5446	5					
5447	5					
5449	5					
5451	5					
5453	5					
5454	5					
5455	5					
5461	2					
5462	3					
5463	3					
5464	4					
5465	5					
5466	5					
5467	3					
5469	5					
5471	5					
5472	5					
5473	5					
5476	5					
5481	3					
5482	4					
5491	4					
5492	4					
5501	2					
5502	2					
5503	2					
5504	3					
5505	2					
5506	2					
5507	5					
5508	2					
5509	2					
5511	5					
5512	5					
5513	5					
5521	4					
5524	5					
5525	5					
5527	4					
5528	5					
5529	5					
5531	4					
5534	5					
5541	4					
5551	3					
5552	2					
5553	3					
5554	2					
5555	3					
5556	5					
5561	5					
5563	5					
5571	4					
5575	5					
5581	4					
5582	4					
5583	4					
5591	4					
5595	5					
5611	1					
5612	1					
5613	2					
5614	1					
5615	1					
5616	1					
5617	1					
5621	1					
5622	1					
5623	1					
5624	2					
5625	1					
5626	4					
5627	2					
5628	2					
5629	3					
5631	2					
5632	2					
5633	4					
5641	3					
5642	2					
5643	1					
5644	2					
5645	2					
5646	3					
5647	4					
5651	2					
5652	2					
5653	2					
5654	2					
5655	3					
5656	4					
5657	5					
5658	3					
5661	4					
5662	3					
5663	3					
5664	2					
5665	2					
5666	2					
5667	3					
5671	3					
5672	3					
5673	3					
5674	5					
5681	5					
5682	3					
5683	2					
5684	3					
5685	3					
5688	4					
5689	4					
5691	4					
5692	5					
5694	4					
5701	1					
5702	2					
5703	2					
5704	3					
5705	3					
5706	3					
5707	2					
5708	4					
5709	3					
5711	4					
5712	5					
5715	5					
5721	3					
5724	5					
5725	5					
5731	4					
5735	4					
5737	5					
5738	5					
5741	4					
5751	3					
5752	5					
5753	4					
5754	4					
5756	5					
5757	5					
5758	5					
5759	5					
5761	5					
5763	5					
5764	5					
5766	5					
5768	5					
5801	3					
5802	3					
5803	3					
5804	4					
5807	5					
5808	5					
5809	5					
5811	5					
5812	5					
5813	5					
5814	5					
5815	5					
5816	5					
5817	5					
5821	5					
5823	5					
5824	5					
5825	5					
5826	5					
5827	5					
5831	3					
5835	5					
5836	5					
5841	5					
5843	5					
5844	5					
5845	5					
5846	5					
5851	5					
5853	5					
5854	5					
5855	5					
5856	5					
5861	5					
5862	5					
5863	5					
5864	5					
5865	5					
5866	5					
5871	5					
5872	5					
5911	1					
5912	2					
5913	2					
5914	2					
5915	3					
5916	4					
5921	2					
5922	2					
5923	2					
5924	2					
5925	3					
5926	4					
5927	5					
5928	5					
5931	3					
5932	4					
5935	4					
5941	5					
5943	5					
5944	5					
5951	4					
5953	4					
5954	5					
5961	3					
5962	5					
5963	5					
5964	5					
5966	5					
5971	4					
5973	5					
5975	5					
5976	5					
5977	5					
5981	4					
5984	5					
5985	5					
5986	5					
5987	5					
5988	4					
5991	4					
5993	4					
5995	5					
6001	2					
6002	4					
6003	4					
6004	3					
6005	4					
6006	3					
6011	5					
6012	5					
6013	5					
6014	5					
6015	5					
6017	5					
6019	5					
6021	4					
6023	5					
6024	5					
6026	4					
6027	5					
6028	5					
6029	5					
6031	4					
6034	5					
6035	5					
6037	5					
6039	4					
6041	2					
6042	2					
6043	2					
6044	2					
6045	3					
6049	4					
6051	4					
6061	5					
6063	5					
6065	5					
6067	5					
6071	4					
6074	5					
6075	5					
6077	5					
6081	4					
6082	5					
6083	5					
6085	5					
6086	5					
6088	5					
6089	5					
6091	5					
6092	5					
6093	4					
6095	5					
6096	5					
6097	5					
6099	5					
6101	3					
6102	4					
6104	5					
6105	5					
6107	5					
6109	5					
6111	5					
6112	5					
6114	4					
6116	5					
6118	5					
6121	4					
6122	4					
6123	5					
6124	5					
6125	5					
6127	5					
6129	5					
6131	2					
6132	3					
6133	3					
6134	4					
6135	3					
6136	2					
6137	2					
6141	4					
6142	5					
6143	5					
6151	4					
6153	5					
6155	5					
6161	2					
6162	2					
6163	3					
6164	3					
6165	2					
6166	2					
6167	5					
6171	4					
6174	5					
6176	5					
6181	4					
6191	4					
6199	5					
6211	1					
6212	2					
6213	2					
6214	1					
6215	2					
6216	2					
6217	2					
6218	2					
6219	4					
6221	1					
6222	3					
6223	5					
6224	1					
6225	3					
6226	2					
6227	2					
6228	3					
6229	3					
6231	4					
6235	5					
6237	5					
6241	4					
6243	5					
6245	4					
6247	5					
6251	5					
6252	5					
6255	5					
6261	5					
6262	5					
6265	5					
6267	5					
6268	5					
6269	5					
6271	5					
6273	5					
6274	5					
6276	5					
6277	5					
6278	5					
6281	5					
6285	5					
6286	5					
6287	5					
6289	5					
6291	3					
6294	5					
6295	5					
6301	4					
6305	5					
6307	5					
6311	5					
6312	5					
6321	5					
6325	5					
6333	5					
6336	5					
6341	5					
6342	5					
6343	5					
6351	4					
6353	5					
6361	4					
6363	5					
6365	5					
6367	4					
6369	4					
6371	3					
6372	3					
6373	3					
6374	3					
6411	2					
6412	2					
6413	2					
6414	3					
6415	2					
6416	2					
6417	2					
6418	2					
6419	3					
6421	3					
6422	5					
6431	2					
6432	3					
6433	3					
6436	4					
6438	4					
6439	5					
6441	2					
6442	3					
6443	2					
6444	2					
6445	3					
6446	3					
6447	5					
6451	4					
6454	5					
6456	5					
6461	2					
6462	2					
6463	2					
6464	3					
6465	4					
6466	3					
6467	2					
6468	4					
6469	4					
6471	4					
6511	1					
6512	1					
6515	4					
6521	1					
6522	2					
6523	2					
6524	1					
6525	3					
6531	1					
6532	2					
6533	2					
6534	2					
6535	2					
6536	3					
6537	2					
6538	2					
6541	1					
6542	1					
6543	2					
6544	2					
6545	2					
6546	3					
6551	5					
6561	4					
6562	4					
6564	5					
6566	4					
6571	5					
6572	5					
6573	4					
6574	4					
6575	5					
6576	5					
6577	5					
6578	5					
6579	5					
6581	4					
6582	5					
6584	4					
6585	5					
6586	5					
6587	5					
6591	4					
6595	4					
6596	5					
6598	5					
6599	5					
6601	3					
6602	2					
6603	5					
6604	4					
6605	3					
6606	5					
6611	5					
6612	5					
6613	5					
6615	5					
6616	5					
6617	5					
6621	5					
6624	5					
6626	5					
6627	5					
6628	5					
6629	5					
6631	5					
6634	5					
6641	3					
6642	4					
6644	5					
6645	5					
6651	3					
6652	4					
6653	5					
6654	5					
6655	4					
6657	5					
6658	4					
6659	5					
6661	3					
6662	3					
6663	4					
6665	5					
6666	5					
6668	5					
6669	5					
6671	4					
6672	5					
6673	5					
6674	5					
6675	5					
6676	5					
6677	5					
6678	4					
6681	4					
6684	5					
6685	5					
6686	5					
6687	5					
6691	4					
6701	2					
6702	3					
6703	3					
6704	4					
6705	5					
6706	2					
6707	1					
6708	2					
6709	3					
6711	2					
6712	2					
6713	2					
6714	2					
6715	2					
6716	3					
6717	2					
6718	4					
6721	3					
6731	5					
6732	5					
6733	5					
6741	4					
6744	5					
6745	5					
6811	1					
6812	3					
6813	3					
6814	2					
6815	4					
6816	5					
6821	1					
6822	1					
6823	3					
6824	2					
6825	2					
6826	2					
6827	3					
6828	1					
6831	2					
6832	2					
6833	2					
6834	3					
6835	3					
6836	3					
6841	2					
6842	3					
6843	2					
6844	2					
6845	2					
6846	4					
6851	3					
6852	3					
6861	4					
6862	4					
6865	4					
6866	4					
6869	5					
6871	4					
6874	5					
6877	5					
6881	2					
6882	2					
6883	3					
6891	4					
6901	2					
6902	4					
6903	3					
6904	2					
6905	5					
6909	5					
6911	5					
6913	5					
6914	5					
6915	4					
6916	5					
6917	5					
6921	3					
6922	3					
6923	5					
6924	5					
6931	3					
6932	3					
6941	4					
6942	4					
6951	3					
6952	3					
6953	4					
6955	5					
6956	4					
6957	5					
6961	4					
6964	5					
6971	4					
6974	5					
6975	5					
6981	4					
6982	4					
6983	4					
6984	5					
6986	5					
6987	5					
6988	5					
6991	4					
6994	5					
6996	5					
6997	5					
6998	5					
6999	5					
7001	2					
7002	3					
7003	3					
7004	5					
7005	4					
7006	3					
7007	3					
7008	4					
7009	3					
7011	4					
7021	4					
7025	5					
7031	5					
7035	5					
7036	5					
7037	5					
7038	5					
7039	5					
7041	4					
7044	5					
7045	5					
7046	5					
7047	5					
7048	5					
7051	4					
7054	5					
7055	5					
7061	4					
7064	4					
7065	5					
7071	4					
7075	5					
7076	5					
7077	5					
7078	5					
7081	4					
7083	5					
7084	5					
7091	4					
7095	5					
7101	2					
7102	4					
7103	3					
7104	5					
7105	5					
7106	5					
7107	5					
7108	5					
7109	5					
7113	5					
7115	5					
7119	5					
7121	4					
7122	4					
7123	4					
7126	5					
7131	4					
7132	4					
7134	5					
7135	5					
7136	5					
7137	5					
7141	4					
7142	5					
7151	4					
7152	4					
7156	5					
7157	5					
7161	4					
7165	5					
7201	2					
7202	4					
7203	3					
7204	2					
7205	4					
7206	3					
7207	3					
7211	5					
7213	5					
7214	5					
7215	5					
7216	5					
7217	5					
7218	5					
7221	5					
7223	5					
7224	5					
7225	5					
7226	5					
7227	5					
7231	3					
7232	3					
7233	5					
7234	5					
7241	4					
7242	3					
7244	5					
7245	5					
7251	5					
7255	5					
7256	5					
7261	5					
7263	5					
7271	4					
7273	5					
7274	5					
7275	5					
7311	1					
7312	2					
7313	4					
7314	2					
7315	3					
7316	2					
7317	3					
7321	2					
7322	2					
7323	3					
7324	5					
7325	3					
7326	2					
7327	3					
7328	2					
7329	2					
7331	1					
7332	2					
7333	2					
7334	2					
7335	2					
7336	3					
7339	4					
7341	5					
7345	5					
7346	5					
7348	5					
7351	5					
7352	5					
7361	5					
7364	5					
7371	5					
7381	5					
7382	5					
7383	5					
7384	5					
7391	4					
7392	5					
7395	5					
7396	5					
7397	5					
7399	5					
7411	1					
7412	2					
7413	1					
7414	2					
7415	2					
7416	2					
7417	3					
7418	4					
7419	3					
7421	3					
7422	3					
7423	2					
7424	3					
7425	3					
7426	5					
7427	5					
7428	5					
7429	3					
7431	5					
7433	4					
7434	5					
7435	5					
7437	5					
7439	4					
7441	4					
7442	3					
7443	4					
7447	5					
7448	5					
7451	5					
7461	3					
7462	3					
7463	4					
7466	5					
7467	5					
7468	4					
7471	4					
7472	5					
7475	5					
7478	5					
7481	4					
7482	4					
7483	3					
7491	4					
7495	5					
7496	5					
7497	5					
7511	1					
7512	1					
7513	1					
7514	1					
7521	3					
7522	3					
7523	2					
7524	5					
7525	5					
7531	2					
7532	4					
7533	2					
7534	3					
7535	2					
7536	5					
7541	2					
7542	3					
7543	2					
7544	2					
7545	2					
7546	3					
7547	4					
7548	5					
7551	1					
7552	3					
7553	2					
7554	5					
7555	3					
7556	2					
7557	2					
7558	3					
7559	4					
7561	5					
7562	5					
7571	2					
7572	2					
7573	2					
7574	4					
7575	4					
7576	3					
7577	3					
7581	4					
7582	4					
7585	5					
7586	5					
7587	5					
7588	5					
7591	4					
7595	5					
7596	5					
7597	5					
7601	2					
7602	3					
7603	3					
7604	3					
7605	2					
7606	2					
7607	2					
7608	3					
7609	3					
7610	5					
7611	5					
7614	5					
7615	5					
7621	3					
7622	2					
7623	4					
7625	5					
7626	5					
7627	5					
7631	4					
7634	5					
7635	5					
7636	5					
7637	5					
7638	5					
7641	4					
7642	4					
7645	5					
7651	4					
7661	5					
7662	5					
7663	5					
7664	5					
7665	5					
7666	5					
7667	5					
7668	5					
7671	4					
7672	4					
7675	5					
7676	5					
7678	5					
7679	5					
7681	4					
7683	5					
7685	5					
7686	5					
7687	5					
7688	5					
7691	5					
7692	5					
7693	5					
7694	5					
7695	5					
7696	5					
7701	4					
7702	4					
7705	5					
7707	5					
7711	5					
7715	5					
7721	4					
7722	5					
7731	4					
7734	5					
7735	5					
7736	5					
7737	5					
7738	5					
7739	5					
7741	4					
7742	4					
7751	5					
7753	5					
7754	5					
7755	5					
7756	5					
7761	5					
7764	5					
7765	5					
7766	5					
7771	4					
7772	4					
7773	4					
7775	5					
7776	5					
7777	5					
7778	5					
7779	5					
7781	5					
7782	5					
7783	5					
7784	5					
7785	5					
7786	5					
7787	5					
7788	5					
7791	5					
7792	5					
7793	5					
7794	5					
7795	5					
7796	5					
7797	5					
7798	5					
7811	3					
7812	3					
7813	5					
7814	5					
7815	3					
7821	4					
7822	4					
7823	3					
7824	3					
7825	5					
7826	5					
7827	4					
7828	5					
7831	5					
7833	4					
7841	5					
7842	5					
7843	5					
7844	4					
7845	5					
7846	5					
7847	5					
7848	5					
7849	5					
7851	5					
7852	5					
7853	5					
7854	5					
7855	5					
7856	5					
7858	5					
7859	5					
7861	5					
7863	5					
7864	5					
7871	5					
7872	5					
7873	5					
7874	5					
7875	5					
7876	5					
7877	5					
7881	5					
7884	5					
7885	5					
7887	5					
7889	5					
7891	4					
7892	5					
7894	5					
7895	5					
7901	2					
7902	2					
7903	5					
7904	4					
7905	3					
7906	2					
7907	2					
7908	3					
7909	3					
7910	5					
7911	5					
7912	5					
7913	5					
7914	5					
7915	5					
7916	5					
7917	5					
7918	5					
7921	5					
7924	5					
7925	5					
7926	5					
7927	5					
7928	5					
7929	5					
7931	5					
7932	5					
7933	5					
7934	5					
7935	5					
7936	5					
7937	5					
7938	5					
7941	2					
7942	3					
7943	4					
7944	3					
7946	5					
7948	5					
7949	5					
7951	5					
7954	5					
7955	5					
7957	5					
7958	5					
7961	5					
7963	5					
7964	5					
7965	5					
7966	5					
7971	5					
7973	5					
7974	5					
7975	5					
7981	5					
7983	5					
7984	5					
7985	5					
7986	5					
7991	5					
8011	1					
8012	1					
8013	3					
8014	2					
8015	4					
8016	2					
8017	2					
8019	4					
8021	1					
8022	2					
8023	1					
8024	4					
8025	3					
8026	5					
8028	5					
8031	2					
8032	2					
8033	3					
8034	5					
8035	5					
8041	4					
8042	4					
8043	3					
8044	4					
8045	5					
8051	4					
8052	4					
8055	5					
8061	4					
8064	4					
8066	5					
8071	4					
8072	4					
8075	5					
8076	5					
8077	5					
8079	5					
8081	4					
8082	5					
8084	4					
8085	5					
8091	4					
8094	5					
8095	5					
8096	5					
8097	5					
8101	4					
8102	4					
8103	4					
8105	5					
8106	5					
8107	5					
8111	5					
8112	5					
8121	5					
8124	5					
8131	5					
8141	4					
8144	5					
8146	5					
8147	5					
8148	5					
8151	5					
8152	5					
8153	5					
8154	5					
8161	4					
8162	4					
8166	5					
8167	5					
8171	4					
8172	4					
8181	4					
8191	5					
8193	5					
8194	5					
8196	5					
8198	5					
8211	5					
8212	4					
8218	5					
8219	5					
8221	5					
8222	5					
8223	3					
8224	2					
8225	2					
8226	3					
8231	2					
8232	2					
8233	2					
8239	5					
8241	5					
8242	3					
8243	3					
8244	4					
8245	4					
8251	3					
8252	4					
8253	4					
8254	3					
8255	4					
8256	5					
8261	2					
8262	2					
8263	4					
8264	3					
8265	2					
8266	3					
8267	5					
8271	4					
8274	5					
8275	5					
8276	5					
8277	5					
8278	5					
8281	4					
8291	5					
8293	5					
8294	5					
8301	3					
8302	4					
8303	3					
8304	4					
8305	5					
8307	5					
8308	5					
8309	5					
8311	5					
8312	5					
8313	5					
8314	5					
8315	5					
8316	5					
8317	5					
8319	5					
8321	3					
8322	4					
8325	5					
8326	5					
8331	3					
8332	4					
8333	5					
8334	5					
8335	5					
8336	5					
8337	5					
8338	5					
8339	5					
8341	5					
8342	5					
8343	4					
8344	5					
8345	5					
8346	5					
8347	5					
8351	5					
8355	5					
8356	5					
8361	5					
8362	5					
8363	5					
8371	5					
8372	5					
8373	5					
8374	5					
8375	5					
8376	5					
8377	5					
8378	5					
8381	5					
8382	5					
8383	5					
8384	5					
8385	5					
8386	5					
8387	5					
8388	5					
8389	5					
8391	5					
8392	5					
8393	5					
8394	5					
8395	5					
8396	5					
8397	5					
8398	5					
8401	4					
8403	5					
8404	5					
8405	5					
8406	5					
8407	5					
8408	5					
8409	5					
8411	5					
8412	5					
8413	5					
8414	5					
8415	5					
8421	5					
8422	5					
8423	5					
8424	5					
8425	5					
8426	5					
8427	5					
8428	5					
8431	4					
8432	5					
8433	5					
8434	5					
8435	5					
8437	5					
8438	5					
8439	5					
8441	2					
8442	2					
8443	4					
8444	4					
8445	4					
8446	2					
8447	3					
8448	4					
8449	5					
8451	5					
8452	5					
8453	4					
8454	5					
8455	5					
8456	5					
8457	5					
8458	5					
8459	5					
8461	5					
8462	5					
8463	5					
8464	5					
8465	5					
8466	4					
8467	5					
8468	5					
8469	5					
8471	3					
8472	4					
8474	5					
8475	5					
8476	5					
8477	5					
8478	5					
8479	5					
8481	5					
8482	5					
8483	5					
8484	5					
8485	5					
8486	5					
8487	5					
8488	5					
8489	5					
8491	5					
8493	5					
8494	5					
8495	5					
8497	5					
8501	3					
8502	4					
8503	5					
8505	5					
8506	5					
8507	5					
8508	5					
8511	5					
8512	5					
8513	5					
8514	5					
8515	5					
8516	5					
8517	5					
8521	5					
8522	5					
8523	5					
8524	5					
8525	5					
8526	5					
8527	5					
8528	5					
8529	5					
8531	4					
8532	4					
8534	5					
8535	5					
8536	5					
8537	5					
8538	5					
8539	5					
8541	5					
8542	5					
8551	5					
8552	5					
8553	5					
8554	5					
8556	5					
8561	5					
8563	5					
8564	5					
8565	5					
8566	5					
8567	5					
8571	5					
8572	5					
8573	5					
8574	5					
8581	5					
8582	5					
8583	5					
8584	5					
8601	2					
8602	3					
8603	2					
8604	3					
8605	2					
8606	2					
8607	3					
8608	3					
8611	5					
8612	5					
8613	5					
8614	5					
8615	5					
8616	5					
8617	5					
8618	5					
8621	5					
8622	5					
8623	5					
8624	5					
8625	5					
8626	5					
8627	5					
8628	5					
8629	5					
8631	5					
8632	5					
8633	5					
8635	5					
8636	5					
8637	5					
8641	5					
8642	5					
8644	5					
8647	5					
8651	5					
8658	5					
8701	3					
8702	4					
8711	5					
8713	5					
8715	5					
8721	5					
8722	5					
8723	5					
8724	5					
8731	5					
8732	5					
8733	5					
8734	5					
8735	5					
8736	5					
8737	5					
8741	5					
8742	5					
8743	5					
8744	5					
8745	5					
8746	5					
8747	5					
8748	5					
8749	5					
8751	5					
8752	5					
8753	5					
8754	5					
8755	5					
8756	5					
8757	5					
8758	5					
8759	5					
8761	5					
8762	5					
8763	5					
8764	5					
8765	5					
8766	5					
8771	5					
8772	5					
8773	5					
8774	5					
8775	5					
8801	3					
8802	4					
8804	5					
8805	5					
8806	5					
8807	5					
8808	5					
8809	5					
8811	5					
8812	5					
8813	5					
8814	5					
8816	5					
8821	5					
8822	5					
8823	5					
8831	5					
8832	5					
8833	5					
8834	5					
8835	5					
8841	5					
8842	5					
8843	5					
8844	5					
8845	5					
8851	5					
8852	5					
8853	5					
8854	5					
8855	5					
8856	5					
8857	5					
8861	3					
8862	4					
8871	5					
8872	5					
8881	5					
8882	5					
8883	5					
8884	5					
8885	5					
8891	5					
8892	5					
8893	5					
8894	5					
8895	5					
8896	5					
8897	5					
8899	5					
8911	1					
8912	4					
8913	1					
8914	3					
8915	2					
8916	1					
8917	1					
8918	2					
8919	3					
8921	1					
8922	1					
8923	2					
8924	2					
8925	3					
8926	3					
8927	4					
8931	2					
8932	1					
8933	1					
8934	2					
8935	2					
8936	2					
8937	2					
8938	4					
8939	4					
8941	5					
9001	4					
9003	5					
9004	5					
9005	5					
9006	5					
9007	5					
9008	5					
9009	5					
9011	5					
9012	5					
9013	5					
9014	5					
9021	5					
9022	5					
9023	5					
9024	5					
9025	5					
9026	5					
9027	5					
9031	5					
9032	5					
9033	5					
9034	5					
9035	5					
9036	5					
9037	5					
9038	5					
9041	5					
9043	5					
9044	5					
9045	5					
9047	5					
9051	4					
9053	5					
9054	5					
9055	5					
9056	5					
9057	5					
9061	5					
9062	5					
9063	5					
9064	5					
9067	5					
9071	5					
9072	5					
9073	5					
9074	5					
9075	5					
9076	5					
9077	5					
9078	5					
9079	5					
9081	5					
9082	5					
9083	3					
9084	4					
9085	4					
9086	5					
9087	5					
9088	5					
9089	5					
9091	5					
9101	4					
9102	4					
9103	4					
9104	4					
9105	5					
9106	5					
9107	5					
9108	5					
9109	5					
9111	5					
9112	5					
9113	5					
9114	5					
9121	5					
9122	5					
9123	5					
9124	5					
9125	5					
9131	5					
9132	5					
9133	5					
9134	5					
9135	5					
9136	5					
9137	5					
9138	5					
9141	5					
9142	5					
9143	5					
9144	5					
9145	5					
9146	5					
9147	5					
9148	5					
9151	5					
9152	5					
9153	5					
9154	5					
9155	5					
9156	5					
9161	5					
9162	5					
9163	5					
9164	5					
9166	5					
9171	5					
9172	5					
9173	5					
9174	5					
9175	5					
9176	5					
9177	5					
9178	5					
9201	2					
9202	3					
9203	2					
9204	3					
9205	4					
9206	4					
9207	4					
9211	5					
9212	5					
9213	5					
9214	5					
9215	5					
9216	5					
9217	5					
9218	5					
9219	5					
9221	5					
9222	5					
9223	5					
9231	4					
9233	5					
9241	5					
9243	5					
9244	5					
9245	5					
9246	5					
9247	5					
9248	5					
9249	5					
9251	4					
9254	4					
9255	5					
9256	5					
9257	5					
9258	5					
9261	5					
9262	5					
9263	5					
9264	5					
9265	5					
9269	5					
9271	4					
9281	5					
9283	5					
9284	5					
9285	4					
9286	5					
9287	5					
9288	5					
9289	5					
9291	4					
9292	5					
9293	5					
9294	5					
9295	5					
9296	5					
9297	5					
9298	5					
9299	5					
9301	3					
9302	4					
9304	5					
9305	5					
9306	5					
9307	5					
9311	4					
9312	4					
9313	5					
9314	5					
9315	5					
9321	5					
9331	5					
9333	5					
9334	5					
9335	5					
9336	5					
9337	5					
9341	5					
9342	5					
9343	5					
9351	4					
9354	5					
9355	5					
9356	4					
9359	5					
9361	5					
9362	5					
9363	5					
9364	5					
9365	5					
9366	5					
9367	5					
9401	2					
9402	2					
9403	3					
9404	3					
9405	4					
9406	2					
9407	3					
9408	4					
9409	5					
9411	4					
9412	5					
9413	5					
9414	5					
9415	5					
9416	5					
9417	5					
9418	5					
9419	5					
9421	5					
9422	5					
9423	5					
9431	5					
9432	5					
9433	5					
9434	5					
9435	5					
9436	5					
9437	5					
9438	5					
9439	5					
9441	5					
9442	5					
9443	5					
9444	5					
9445	5					
9446	5					
9447	5					
9448	5					
9449	5					
9451	5					
9452	5					
9453	5					
9454	5					
9455	5					
9456	5					
9457	5					
9458	5					
9459	5					
9461	5					
9462	5					
9463	5					
9464	5					
9465	5					
9466	5					
9467	5					
9468	5					
9469	5					
9471	5					
9472	5					
9473	5					
9474	5					
9475	5					
9479	5					
9481	5					
9482	5					
9483	5					
9484	5					
9485	5					
9486	5					
9487	5					
9488	5					
9489	5					
9491	5					
9492	5					
9493	5					
9494	5					
9495	5					
9496	5					
9497	5					
9501	3					
9502	4					
9503	4					
9511	5					
9512	5					
9514	5					
9515	5					
9521	5					
9523	5					
9524	5					
9525	5					
9526	5					
9527	5					
9528	5					
9531	5					
9533	5					
9534	5					
9535	5					
9536	5					
9537	5					
9541	5					
9545	5					
9551	5					
9561	4					
9563	5					
9564	5					
9566	5					
9571	5					
9573	5					
9574	5					
9581	5					
9584	5					
9585	5					
9591	5					
9601	3					
9602	3					
9603	3					
9605	5					
9606	5					
9607	5					
9608	5					
9609	5					
9611	4					
9613	5					
9615	5					
9616	5					
9617	5					
9618	5					
9619	5					
9621	5					
9623	5					
9624	5					
9625	5					
9626	5					
9627	5					
9628	5					
9629	5					
9631	5					
9632	5					
9633	5					
9635	5					
9636	5					
9641	3					
9642	3					
9644	5					
9645	4					
9646	4					
9648	4					
9649	4					
9651	5					
9654	5					
9655	5					
9656	5					
9657	5					
9658	5					
9659	5					
9661	5					
9663	5					
9665	4					
9671	2					
9672	4					
9673	4					
9674	3					
9675	3					
9677	5					
9678	5					
9679	4					
9681	5					
9682	5					
9684	5					
9685	5					
9686	5					
9687	5					
9688	5					
9691	5					
9693	5					
9695	5					
9696	5					
9697	5					
9698	5					
9699	5					
9711	1					
9712	1					
9713	1					
9714	1					
9715	1					
9716	1					
9717	1					
9718	1					
9721	1					
9722	2					
9723	2					
9724	1					
9725	1					
9726	1					
9727	2					
9728	2					
9731	3					
9732	3					
9733	3					
9734	3					
9735	3					
9736	3					
9737	2					
9738	4					
9741	1					
9742	1					
9743	2					
9744	4					
9745	4					
9746	4					
9747	4					
9749	5					
9751	3					
9752	4					
9753	4					
9755	5					
9756	5					
9761	4					
9765	4					
9766	5					
9771	5					
9773	5					
9774	5					
9781	4					
9784	5					
9785	5					
9791	5					
9792	5					
9793	5					
9794	5					
9795	5					
9796	5					
9797	5					
9798	5					
9801	4					
9804	5					
9805	5					
9811	5					
9812	5					
9821	5					
9822	5					
9824	5					
9825	5					
9827	5					
9828	5					
9831	5					
9832	5					
9833	5					
9841	5					
9842	5					
9843	5					
9844	5					
9845	5					
9851	5					
9852	5					
9853	5					
9861	5					
9862	5					
9863	5					
9864	5					
9865	5					
9866	5					
9871	5					
9872	5					
9873	5					
9881	5					
9882	5					
9883	5					
9884	5					
9885	5					
9886	5					
9891	5					
9892	5					
9893	5					
9901	4					
9902	3					
9903	4					
9904	5					
9905	5					
9906	5					
9907	5					
9908	5					
9909	5					
9911	5					
9912	5					
9913	5					
9914	5					
9915	5					
9917	5					
9918	5					
9919	5					
9921	5					
9922	5					
9923	5					
9924	5					
9925	5					
9931	4					
9932	4					
9933	4					
9934	4					
9936	5					
9937	5					
9939	5					
9942	5					
9943	5					
9944	5					
9945	5					
9946	5					
9947	5					
9948	5					
9949	5					
9951	4					
9953	5					
9954	5					
9955	5					
9956	5					
9957	5					
9959	5					
9961	5					
9962	5					
9963	5					
9964	5					
9965	5					
9966	5					
9967	5					
9968	5					
9969	5					
9971	5					
9972	5					
9973	5					
9974	5					
9975	5					
9976	5					
9977	5					
9978	5					
9979	5					
9981	4					
9982	5					
9983	5					
9984	5					
9985	5					
9986	5					
9987	5					
9988	5					
9989	5					
9991	5					
9992	5					
9993	5					
9994	5					
9995	5					
9996	5					
9997	5					
9998	5					
9999	5